tree
version=v4
num_class=1
num_tree_per_iteration=1
label_index=0
max_feature_idx=18
objective=binary sigmoid:1
feature_names=Column_0 Column_1 Column_2 Column_3 Column_4 Column_5 Column_6 Column_7 Column_8 Column_9 Column_10 Column_11 Column_12 Column_13 Column_14 Column_15 Column_16 Column_17 Column_18
feature_infos=[1:5] [3:44] [0:1] [0:1] [0:3] [0:3] [0:2] [0.5:1] [0:3] [0:0.90000000000000002] [0:0.84999999999999998] [0:0.5] [1:3] [0:1] [0:1] [0:1] [0:1] [0:1] [0:1]
tree_sizes=1729 1740 1734 1730 1739 1742 1745 1741 1743 1729 1732 1748 1744 1740 1741 1751 1735 1745 1739 1745 1740 1739 1753 1745 1758 1748 1755 1746 1757 1755 1766 1755 1755 1779 1745 1755 1753 1762 1754 1742 1756 1738 1747 1738 1760 1755 1743 1747 1754 1759

Tree=0
num_leaves=15
num_cat=0
split_feature=6 11 17 0 16 4 7 0 9 1 1 5 15 1
split_gain=866.826 901.997 353.499 159.638 119.915 56.5523 50.7696 48.2952 122.058 49.576 29.59 29.1409 28.9163 22.1833
threshold=0.58335000000000015 1.0000000180025095e-35 1.0000000180025095e-35 2.5000000000000004 1.0000000180025095e-35 1.0000000180025095e-35 0.87500000000000011 1.5000000000000002 1.0000000180025095e-35 15.500000000000002 6.5000000000000009 1.0000000180025095e-35 1.0000000180025095e-35 8.5000000000000018
decision_type=2 2 2 2 2 2 2 2 2 2 2 2 2 2
left_child=1 4 5 7 6 -2 -1 8 13 10 -9 -12 -7 -3
right_child=2 3 -4 -5 -6 12 -8 9 -10 -11 11 -13 -14 -15
leaf_value=-0.033662074658018973 -0.25829626946550382 -0.083394899100840594 -0.25829626946550382 0.031352645917060121 0.0070683013235579434 0.04747264799481922 -0.24406991133963396 -0.25829626946550382 -0.25829626946550382 -0.1347616617015899 -0.038705520716680958 -0.21818302039273865 -0.25829626946550382 -0.16391215400017406
leaf_weight=7.4788257479667655 3.9887070655822745 157.80322328209877 27.920949459075928 76.782611012458801 12.963297963142393 264.25184309482574 393.6355285346508 4.2380012571811667 34.651892632246017 56.34048730134964 179.2425237596035 5.9830605983734122 1.9943535327911366 25.428007543087006
leaf_count=30 16 633 112 308 52 1060 1579 17 139 226 719 24 8 102
internal_value=-0.106369 -0.143561 0.0127029 -0.0754923 -0.232407 0.0407029 -0.240147 -0.093185 -0.120608 -0.0688771 -0.0492851 -0.0445029 0.0451822 -0.0945687
internal_weight=1252.7 954.547 298.156 540.47 414.078 270.235 401.114 463.687 217.883 245.804 189.464 185.226 266.246 183.231
internal_count=5025 3829 1196 2168 1661 1084 1609 1860 874 986 760 743 1068 735
is_linear=0
shrinkage=1


Tree=1
num_leaves=15
num_cat=0
split_feature=6 11 17 8 16 4 7 15 14 1 9 15 17 0
split_gain=734.277 772.942 299.261 138.485 102.813 47.7943 43.6999 36.7851 39.3686 36.9345 37.3749 24.4296 21.3879 20.8533
threshold=0.58335000000000015 1.0000000180025095e-35 1.0000000180025095e-35 1.0000000180025095e-35 1.0000000180025095e-35 1.0000000180025095e-35 0.87500000000000011 1.0000000180025095e-35 1.0000000180025095e-35 10.500000000000002 1.0000000180025095e-35 1.0000000180025095e-35 1.0000000180025095e-35 2.5000000000000004
decision_type=2 2 2 2 2 2 2 2 2 2 2 2 2 2
left_child=1 4 5 7 6 -2 12 8 9 10 -3 -7 -1 -5
right_child=2 3 -4 13 -6 11 -8 -9 -10 -11 -12 -13 -14 -15
leaf_value=0.14818923683485027 -0.14178931541755757 -0.010007409136321263 -0.14178931541755757 0.07067415847916346 0.1040512265601915 0.1411880765829317 -0.1282761159612569 -0.14460987948946435 0.035438018931397704 0.029024995901812609 -0.1057213087121322 -0.14178931541755757 -0.15735185957173609 0.14887991884583213
leaf_weight=5.4984421730041495 3.9340178966522208 80.788792222738266 27.538125276565552 35.965087339282036 12.999837279319761 264.85075086355209 388.92905949056149 9.6228837817907316 238.96552291512489 81.091534599661827 38.578339472413063 1.9670089483261097 1.9994335174560545 55.486364185810089
leaf_count=22 16 324 112 144 52 1060 1579 39 958 325 156 8 8 222
internal_value=-3.11328e-05 -0.0344146 0.109466 0.0283926 -0.117329 0.135021 -0.124588 0.0101182 0.0135066 -0.0126378 -0.0409412 0.139102 0.0667116 0.118124
internal_weight=1248.22 949.925 298.29 540.499 409.427 270.752 396.427 449.047 439.424 200.459 119.367 266.818 7.49788 91.4515
internal_count=5025 3829 1196 2168 1661 1084 1609 1802 1763 805 480 1068 30 366
is_linear=0
shrinkage=0.08


Tree=2
num_leaves=15
num_cat=0
split_feature=6 11 17 8 16 4 7 0 9 1 7 1 15 1
split_gain=628.125 667.972 256.25 117.972 88.8929 40.8621 37.9277 32.5269 94.9945 28.7435 29.5226 29.1468 20.8796 18.5821
threshold=0.58335000000000015 1.0000000180025095e-35 1.0000000180025095e-35 1.0000000180025095e-35 1.0000000180025095e-35 1.0000000180025095e-35 0.87500000000000011 1.5000000000000002 1.0000000180025095e-35 15.500000000000002 0.87500000000000011 10.500000000000002 1.0000000180025095e-35 8.5000000000000018
decision_type=2 2 2 2 2 2 2 2 2 2 2 2 2 2
left_child=1 4 5 7 6 -2 -1 8 13 11 -11 -9 -7 -3
right_child=2 3 -4 -5 -6 12 -8 9 -10 10 -12 -13 -14 -15
leaf_value=0.061647991860280284 -0.13362102039197429 0.019937988677719905 -0.13362102039197429 0.10919269092972218 0.096030787456243383 0.13101634309529156 -0.12044566135376826 -0.00070716040863087889 -0.13643726744420248 0.15527420525940552 -0.02656276932173637 0.07295979900454376 -0.13362102039197429 -0.053850902199126527
leaf_weight=7.4638715386390677 3.8441069126129142 158.03357335925102 26.908748388290405 91.034414246678352 12.959952890872954 262.6558929681778 381.37787179648876 50.538846537470818 33.677971333265305 6.2442055791616431 67.347186759114265 107.46596236526966 1.9220534563064564 25.344912797212601
leaf_count=30 16 633 112 366 52 1060 1579 203 139 25 270 430 8 102
internal_value=-5.45619e-05 -0.0319851 0.101737 0.0261577 -0.110081 0.125331 -0.11695 0.0093094 -0.0129409 0.0301628 -0.011134 0.049397 0.129094 0.00973956
internal_weight=1236.82 941.489 295.331 539.687 401.802 268.422 388.842 448.653 217.056 231.596 73.5914 158.005 264.578 183.378
internal_count=5025 3829 1196 2168 1661 1084 1609 1802 874 928 295 633 1068 735
is_linear=0
shrinkage=0.08


Tree=3
num_leaves=15
num_cat=0
split_feature=6 11 17 0 16 10 1 7 0 9 1 1 5 17
split_gain=541.543 580.983 221.385 105.964 77.3645 35.8218 53.3066 33.2259 30.0227 82.922 35.9599 22.9235 23.3581 18.2225
threshold=0.58335000000000015 1.0000000180025095e-35 1.0000000180025095e-35 2.5000000000000004 1.0000000180025095e-35 1.0000000180025095e-35 10.500000000000002 0.87500000000000011 1.5000000000000002 1.0000000180025095e-35 15.500000000000002 6.5000000000000009 1.0000000180025095e-35 1.0000000180025095e-35
decision_type=2 2 2 2 2 2 2 2 2 2 2 2 2 2
left_child=1 4 5 8 7 6 -2 13 9 -3 11 -10 -13 -1
right_child=2 3 -4 -5 -6 -7 -8 -9 10 -11 -12 12 -14 -15
leaf_value=0.13241907441732823 -0.13571310430102565 0.0089600864000173846 -0.12691418627985784 0.11184341943303355 0.089050897325747003 0.12987770866841652 0.093960114343125081 -0.11380846072413514 -0.14037688681245158 -0.12924973728230671 -0.027256551260132263 0.05490510217303822 -0.10628398150365095 -0.15029219528303242
leaf_weight=5.4575429856777182 8.0829846858978254 183.34782408177853 26.097075939178467 75.767035111784935 12.861530125141142 223.49137207865715 32.361226469278336 371.72199746966362 4.1500897407531729 32.744259163737297 56.277596145868301 179.39715172350407 5.9443393498659125 1.9916554689407346
leaf_count=22 34 735 112 308 52 917 133 1579 17 139 226 719 24 8
internal_value=-7.54931e-05 -0.0298498 0.0953622 0.0241546 -0.103911 0.11734 0.0480587 -0.110456 0.00976948 -0.0119827 0.0288951 0.0455717 0.0497354 0.056832
internal_weight=1219.69 929.661 290.033 537.628 392.033 263.936 40.4442 379.171 461.861 216.092 245.769 189.492 185.341 7.4492
internal_count=5025 3829 1196 2168 1661 1084 167 1609 1860 874 986 760 743 30
is_linear=0
shrinkage=0.08


Tree=4
num_leaves=15
num_cat=0
split_feature=6 11 17 0 16 10 1 7 15 14 18 0 9 1
split_gain=469.796 508.125 192.612 91.6753 67.7153 31.7495 45.846 29.1916 26.8147 28.9835 24.812 23.9749 33.3461 19.6422
threshold=0.58335000000000015 1.0000000180025095e-35 1.0000000180025095e-35 2.5000000000000004 1.0000000180025095e-35 1.0000000180025095e-35 10.500000000000002 0.87500000000000011 1.0000000180025095e-35 1.0000000180025095e-35 1.0000000180025095e-35 1.5000000000000002 1.0000000180025095e-35 15.500000000000002
decision_type=2 2 2 2 2 2 2 2 2 2 2 2 2 2
left_child=1 4 5 8 7 6 -2 -1 9 11 -11 12 -3 -13
right_child=2 3 -4 -5 -6 -7 -8 -9 -10 10 -12 13 -14 -15
leaf_value=0.053152598660690692 -0.12663520909688752 -0.013653023678960347 -0.12132243867375031 0.10463780329901612 0.08288270693391081 0.12259439408260375 0.087857550984432625 -0.10808440379725635 -0.1279160196025676 0.040043929269188948 -0.03438352156166441 0.035683886672071174 -0.12319785212759395 -0.056702206233790263
leaf_weight=7.3325086236000052 7.973665550351142 84.481262013316154 25.154270648956299 74.554499313235283 12.71897906064987 218.04643698036671 31.86080539226532 360.55281272530556 8.9749492704868299 214.67374950647354 33.084465265274048 78.244258344173431 22.526699244976044 18.143725037574768
leaf_count=30 34 339 112 308 52 917 133 1579 39 862 133 315 99 73
internal_value=-9.23357e-05 -0.0279471 0.0899851 0.0223433 -0.0985964 0.110597 0.0449225 -0.104871 0.00900918 0.0117331 0.0301052 -0.0106462 -0.0367138 0.0182935
internal_weight=1198.32 915.288 283.035 534.684 380.604 257.881 39.8345 367.885 460.129 451.154 247.758 203.396 107.008 96.388
internal_count=5025 3829 1196 2168 1661 1084 167 1609 1860 1821 995 826 438 388
is_linear=0
shrinkage=0.08


Tree=5
num_leaves=15
num_cat=0
split_feature=6 11 17 8 16 10 1 7 15 14 1 9 17 1
split_gain=409.625 446.242 168.598 81.8888 59.5195 28.4677 39.6071 25.878 22.9437 26.1287 20.714 24.3698 15.742 15.6911
threshold=0.58335000000000015 1.0000000180025095e-35 1.0000000180025095e-35 1.0000000180025095e-35 1.0000000180025095e-35 1.0000000180025095e-35 10.500000000000002 0.87500000000000011 1.0000000180025095e-35 1.0000000180025095e-35 10.500000000000002 1.0000000180025095e-35 1.0000000180025095e-35 22.500000000000004
decision_type=2 2 2 2 2 2 2 2 2 2 2 2 2 2
left_child=1 4 5 8 7 6 -2 12 9 10 11 -3 -1 -6
right_child=2 3 -4 -5 13 -7 -8 -9 -10 -11 -12 -13 -14 -15
leaf_value=0.12069016619127305 -0.11893081049689277 -0.0094047294459344271 -0.11660128508506613 0.091339803846313947 0.11265007398508611 0.11644376581367538 0.08238886127254906 -0.10307160736773462 -0.12229149800405266 0.027093892818258105 0.019014104883135825 -0.088606289410594091 -0.14378519493197683 -0.14949925971379494
leaf_weight=5.3239193260669699 7.8172877877950659 80.7073734998703 24.121131181716919 87.649939700961113 10.855317637324331 211.46656706929207 31.281537681818008 348.34301383793354 8.6499490737915021 238.47773090004921 80.187506094574928 35.933806091547012 1.9745653867721555 1.6886049658060063
leaf_count=22 34 324 112 366 45 917 133 1579 39 958 325 156 8 7
internal_value=-0.000106591 -0.0262107 0.0854026 0.0206753 -0.0939071 0.104849 0.0421377 -0.099948 0.00672403 0.00928769 -0.0122863 -0.0338045 0.0491378 0.0773607
internal_weight=1174.48 899.792 274.687 531.606 368.185 250.565 39.0988 355.641 443.956 435.306 196.829 116.641 7.29848 12.5439
internal_count=5025 3829 1196 2168 1661 1084 167 1609 1802 1763 805 480 30 52
is_linear=0
shrinkage=0.08


Tree=6
num_leaves=15
num_cat=0
split_feature=6 11 17 0 16 10 1 7 15 14 18 0 9 1
split_gain=358.624 393.468 148.312 73.4384 52.5606 25.7696 34.3383 22.9145 20.5764 20.8219 20.9181 18.3974 28.1433 18.3103
threshold=0.58335000000000015 1.0000000180025095e-35 1.0000000180025095e-35 2.5000000000000004 1.0000000180025095e-35 1.0000000180025095e-35 10.500000000000002 0.87500000000000011 1.0000000180025095e-35 1.0000000180025095e-35 1.0000000180025095e-35 1.5000000000000002 1.0000000180025095e-35 35.500000000000007
decision_type=2 2 2 2 2 2 2 2 2 2 2 2 2 2
left_child=1 4 5 8 7 6 -2 -1 9 11 -11 12 -3 -5
right_child=2 3 -4 13 -6 -7 -8 -9 -10 10 -12 -13 -14 -15
leaf_value=0.046362281170958045 -0.11227347715972474 -0.011922762527970783 -0.11257295539205198 0.10026269437784248 0.072555700391239417 0.11116679733817753 0.077431183172720672 -0.098620671512427469 -0.11753048035019975 0.034314844491048907 -0.034038988788197173 0.015885106614687908 -0.11541221237304566 -0.18472489828181712
leaf_weight=7.1249710619449607 7.6261635273694983 84.387451261281967 23.030161619186401 70.224659562110901 12.323569014668463 204.08641630411148 30.648017525672913 335.46981666982174 8.2948282063007337 214.28538089990616 33.076230123639107 95.845072090625763 21.003255754709244 1.473127394914626
leaf_count=30 34 339 112 302 52 917 133 1579 39 862 133 388 99 6
internal_value=-0.000116893 -0.0246135 0.0814345 0.019133 -0.0897665 0.0998699 0.0396324 -0.0956054 0.00732063 0.0096292 0.0251748 -0.0094797 -0.0325471 0.0944072
internal_weight=1148.9 883.508 265.391 528.59 354.918 242.361 38.2742 342.595 456.892 448.597 247.362 201.236 105.391 71.6978
internal_count=5025 3829 1196 2168 1661 1084 167 1609 1860 1821 995 826 438 308
is_linear=0
shrinkage=0.08


Tree=7
num_leaves=15
num_cat=0
split_feature=6 11 17 8 16 10 1 7 15 14 16 7 1 1
split_gain=315.083 347.782 131.002 64.6648 46.5117 23.5128 29.8532 20.4827 17.8184 18.8717 19.0083 16.336 14.9793 17.4796
threshold=0.58335000000000015 1.0000000180025095e-35 1.0000000180025095e-35 1.0000000180025095e-35 1.0000000180025095e-35 1.0000000180025095e-35 10.500000000000002 0.87500000000000011 1.0000000180025095e-35 1.0000000180025095e-35 1.0000000180025095e-35 0.87500000000000011 16.500000000000004 10.500000000000002
decision_type=2 2 2 2 2 2 2 2 2 2 2 2 2 2
left_child=1 4 5 8 7 6 -2 -1 9 10 11 -3 13 -13
right_child=2 3 -4 -5 -6 -7 -8 -9 -10 -11 -12 12 -14 -15
leaf_value=0.042928235988458026 -0.10643062376055024 0.12627426983115655 -0.109104971998569 0.081932985248008919 0.067975272163962916 0.10657548570976927 0.072892061318304432 -0.094618516937806041 -0.11345823505884807 0.022740552697411407 0.14434043875155086 -0.029617171291898385 -0.094541333954579199 0.025397057852757358
leaf_weight=7.0811841487884513 7.4101266860961905 5.107051655650138 21.907163619995117 84.280556961894035 12.11056639254093 196.17309568822384 29.979917243123055 322.23300336301327 7.9204578548669806 237.95134846866131 4.9239892065525046 114.9042405039072 15.313514500856398 54.491354137659073
leaf_count=30 34 22 112 366 52 917 133 1579 39 958 20 480 62 221
internal_value=-0.000126413 -0.0231503 0.0779492 0.0177303 -0.0859985 0.095494 0.0373531 -0.0916609 0.00544957 0.00762619 -0.0108419 -0.0148675 -0.0187699 -0.0119201
internal_weight=1121.79 866.317 255.47 524.893 341.425 233.563 37.39 329.314 440.612 432.691 194.74 189.816 184.709 169.396
internal_count=5025 3829 1196 2168 1661 1084 167 1609 1802 1763 805 785 763 701
is_linear=0
shrinkage=0.08


Tree=8
num_leaves=15
num_cat=0
split_feature=6 11 17 0 16 10 1 7 15 1 0 9 1 18
split_gain=277.554 308.165 116.104 59.5698 41.2638 21.5964 26.0104 18.3711 16.0804 15.6108 26.5196 46.3451 18.699 16.1153
threshold=0.58335000000000015 1.0000000180025095e-35 1.0000000180025095e-35 2.5000000000000004 1.0000000180025095e-35 1.0000000180025095e-35 10.500000000000002 0.87500000000000011 1.0000000180025095e-35 15.500000000000002 1.5000000000000002 1.0000000180025095e-35 6.5000000000000009 1.0000000180025095e-35
decision_type=2 2 2 2 2 2 2 2 2 2 2 2 2 2
left_child=1 4 5 8 7 6 -2 -1 9 10 11 -3 -12 -14
right_child=2 3 -4 -5 -6 -7 -8 -9 -10 -11 12 -13 13 -15
leaf_value=0.039764413191609019 -0.10123169501081997 0.0072230239689710044 -0.10609657465465064 0.086160149518770462 0.063758340753454712 0.10252977731102721 0.068700994149185513 -0.090977901367747388 -0.10994432697847631 -0.031216321220308377 -0.13500766304992018 -0.11403038830297874 0.049612013039849544 -0.015830632063379046
leaf_weight=7.0349816381931296 7.1770532876253119 180.66739194095135 20.772503137588501 68.159867033362389 11.887966662645338 187.93922273814678 29.292900994420052 308.86946322023869 7.5354698449373236 56.943402484059334 4.0262721925973883 22.710114151239395 152.81745871901512 28.587166652083397
leaf_count=30 34 726 112 308 52 917 133 1579 39 229 17 111 623 115
internal_value=-0.000131415 -0.0217785 0.0748481 0.01643 -0.0825602 0.0915973 0.0352593 -0.0880664 0.00594486 0.00790397 0.0136334 -0.00631672 0.0355143 0.039299
internal_weight=1094.42 849.24 245.182 521.447 327.792 224.409 36.47 315.904 453.287 445.752 388.808 203.378 185.431 181.405
internal_count=5025 3829 1196 2168 1661 1084 167 1609 1860 1821 1592 837 755 738
is_linear=0
shrinkage=0.08


Tree=9
num_leaves=15
num_cat=0
split_feature=6 11 17 0 7 10 1 16 1 17 1 15 1 18
split_gain=245.155 273.488 103.191 52.4324 37.0222 19.9469 23.1722 16.7347 26.9928 16.491 14.7374 14.3295 14.5617 14.0635
threshold=0.58335000000000015 1.0000000180025095e-35 1.0000000180025095e-35 2.5000000000000004 0.87500000000000011 1.0000000180025095e-35 9.5000000000000018 1.0000000180025095e-35 15.500000000000002 1.0000000180025095e-35 35.500000000000007 1.0000000180025095e-35 21.500000000000004 1.0000000180025095e-35
decision_type=2 2 2 2 2 2 2 2 2 2 2 2 2 2
left_child=1 4 5 11 9 6 -2 -6 -9 -1 -5 12 13 -3
right_child=2 3 -4 10 7 -7 -8 8 -10 -11 -12 -13 -14 -15
leaf_value=0.11312917086458651 -0.11854210638003902 0.012940970557393135 -0.10346964227420948 0.087494927017193233 -0.087630412794241691 0.098922950649311225 0.060803440397131266 0.1198851206640444 -0.21520709108967168 -0.14285250175410702 -0.16633463267188103 -0.10688934232471504 -0.14153584783724019 -0.039726899451829785
leaf_weight=8.8070159852504695 5.4451237916946402 404.0615157186985 19.642128467559814 64.675172790884972 295.56476894021034 179.55327907204628 30.087487891316414 5.7722305953502646 2.097591295838356 1.9711825847625739 1.4978244602680195 7.1466830819845191 4.1675394624471656 35.280837267637253
leaf_count=39 27 1662 112 302 1579 917 140 26 9 8 6 39 17 142
internal_value=-0.000139253 -0.0205308 0.0720558 0.015253 -0.0793893 0.0880852 0.03332 -0.0845648 0.030571 0.0663137 0.0817495 0.00548886 0.00729971 0.00871154
internal_weight=1065.77 831.042 234.728 516.83 314.213 215.086 35.5326 303.435 7.86982 10.7782 66.173 450.657 443.51 439.342
internal_count=5025 3829 1196 2168 1661 1084 167 1614 35 47 308 1860 1821 1804
is_linear=0
shrinkage=0.08


Tree=10
num_leaves=15
num_cat=0
split_feature=6 11 17 8 7 10 1 16 1 17 0 14 15 16
split_gain=216.743 243.32 91.9004 46.9219 32.917 18.5871 20.3429 15.1119 22.7403 14.464 13.6167 12.8029 15.708 15.6906
threshold=0.58335000000000015 1.0000000180025095e-35 1.0000000180025095e-35 1.0000000180025095e-35 0.87500000000000011 1.0000000180025095e-35 9.5000000000000018 1.0000000180025095e-35 15.500000000000002 1.0000000180025095e-35 2.5000000000000004 1.0000000180025095e-35 1.0000000180025095e-35 1.0000000180025095e-35
decision_type=2 2 2 2 2 2 2 2 2 2 2 2 2 2
left_child=1 4 5 11 9 6 -2 -6 -9 -1 -5 13 -13 -3
right_child=2 3 -4 10 7 -7 -8 8 -10 -11 -12 12 -14 -15
leaf_value=0.10826887017137651 -0.11452473320180891 -0.015236720009438988 -0.10116265256993406 0.032916964746930719 -0.084521715291201102 0.095672158615552796 0.0571651154380678 0.11537899148714964 -0.18920120733293591 -0.13448570420564473 0.10007760839959096 0.01946755278877527 -0.10421612502398767 0.13207583511537466
leaf_weight=8.4796115756034816 5.1954649835824958 187.31325724720955 18.528391361236572 34.09628663957119 282.46261171996593 171.14779536426067 29.468364968895912 5.5278380811214438 2.1904812902212143 1.928014516830445 44.584802001714706 236.56953136622906 6.7594431340694419 4.7446388304233542
leaf_count=39 27 785 112 144 1579 917 140 26 9 8 222 958 39 20
internal_value=-0.000139505 -0.0193139 0.0694894 0.0141185 -0.0764902 0.0848525 0.031432 -0.0815039 0.0289383 0.0632985 0.0709737 0.00384394 0.0160317 -0.0115975
internal_weight=1039 814.657 224.34 514.068 300.589 205.812 34.6638 290.181 7.71832 10.4076 78.6811 435.387 243.329 192.058
internal_count=5025 3829 1196 2168 1661 1084 167 1614 35 47 366 1802 997 805
is_linear=0
shrinkage=0.08


Tree=11
num_leaves=15
num_cat=0
split_feature=6 11 17 0 16 15 0 1 7 6 18 0 9 1
split_gain=191.93 216.826 82.0037 41.8258 29.4267 17.4221 13.8355 21.5155 17.1014 16.6455 22.1136 12.8383 44.9213 23.1065
threshold=0.58335000000000015 1.0000000180025095e-35 1.0000000180025095e-35 2.5000000000000004 1.0000000180025095e-35 1.0000000180025095e-35 1.5000000000000002 13.500000000000002 0.87500000000000011 0.29165000000000002 1.0000000180025095e-35 1.5000000000000002 1.0000000180025095e-35 15.500000000000002
decision_type=2 2 2 2 2 2 2 2 2 2 2 2 2 2
left_child=1 4 5 11 6 -2 -1 9 -9 10 -8 12 -3 -13
right_child=2 3 -4 -5 -6 -7 7 8 -10 -11 -12 13 -14 -15
leaf_value=-0.10237404110068318 0.084491183782262558 0.0040327718711400447 -0.099126509428067305 0.074702307183658945 0.054553811548083593 -0.13476283260258737 -0.034713392803321377 0.038885945169076667 -0.097355256748955801 -0.10273298317735367 0.096108955860286921 0.030827996815556556 -0.10861469958912187 -0.027842969002334662
leaf_weight=101.61823347210884 194.27912572026253 182.40599508583546 17.440707921981812 61.957587629556656 10.994536772370337 2.3474735319614402 46.112475693225861 6.2839266508817664 95.640690326690674 16.458678111433983 10.076429873704909 184.56579878926277 25.869539111852646 55.99361364543438
leaf_count=595 1072 735 112 308 52 12 270 29 560 96 59 760 139 226
internal_value=-0.000136914 -0.0181813 0.0671269 0.0130874 -0.0737963 0.0818736 -0.0789056 -0.0652446 -0.0889556 -0.0319781 -0.0112529 0.00458198 -0.00995897 0.0171715
internal_weight=1012.04 797.978 214.067 510.793 287.185 196.627 276.19 174.572 101.925 72.6476 56.1889 448.835 208.276 240.559
internal_count=5025 3829 1196 2168 1661 1084 1609 1014 589 425 329 1860 874 986
is_linear=0
shrinkage=0.08


Tree=12
num_leaves=15
num_cat=0
split_feature=6 11 17 8 7 10 1 0 1 6 18 16 17 0
split_gain=169.782 193.287 73.0594 37.6898 26.7982 18.1413 17.8846 13.6824 38.3268 19.0452 14.1862 14.647 12.6944 12.4259
threshold=0.58335000000000015 1.0000000180025095e-35 1.0000000180025095e-35 1.0000000180025095e-35 0.87500000000000011 1.0000000180025095e-35 10.500000000000002 1.5000000000000002 13.500000000000002 0.36665000000000009 1.0000000180025095e-35 1.0000000180025095e-35 1.0000000180025095e-35 2.5000000000000004
decision_type=2 2 2 2 2 2 2 2 2 2 2 2 2 2
left_child=1 4 5 -3 12 6 -2 -6 9 10 11 -9 -1 -5
right_child=2 3 -4 13 7 -7 -8 8 -10 -11 -12 -13 -14 -15
leaf_value=0.10232316342566029 -0.093382961486523849 0.0030724492743206327 -0.097321501321608883 0.028575947722298163 -0.10019686236087619 0.090225841361181877 0.054260338225344755 -0.032600834843194003 -0.096923953367038962 -0.10018961816601929 0.083701579394726125 0.109850018369047 -0.12872757045427741 0.094194209007985322
leaf_weight=7.9816901981830579 6.5574915409088126 432.02799701690674 16.386116027832031 33.60112152993679 95.759658440947533 155.39246845245361 26.352426797151566 45.210939645767212 92.622082009911537 15.286081507802008 10.619505450129507 5.1452639400959006 1.8804144859313963 41.013809859752655
leaf_count=39 34 1802 112 144 595 917 133 270 569 95 59 26 8 222
internal_value=-0.000156973 -0.0171516 0.0646994 0.0121404 -0.0712146 0.0787985 0.0248416 -0.0760399 -0.0623425 -0.0203424 -0.000325337 -0.0180456 0.0582686 0.0646445
internal_weight=985.837 781.149 204.689 506.643 274.506 188.302 32.9099 264.644 168.884 76.2618 60.9757 50.3562 9.8621 74.6149
internal_count=5025 3829 1196 2168 1661 1084 167 1614 1019 450 355 296 47 366
is_linear=0
shrinkage=0.08


Tree=13
num_leaves=15
num_cat=0
split_feature=6 11 17 0 7 10 1 0 1 6 1 1 18 0
split_gain=150.725 172.931 65.3984 33.2993 23.9252 16.9379 15.8339 13.3249 35.8924 17.3992 12.2977 11.7843 12.1761 18.3673
threshold=0.58335000000000015 1.0000000180025095e-35 1.0000000180025095e-35 2.5000000000000004 0.87500000000000011 1.0000000180025095e-35 9.5000000000000018 1.5000000000000002 13.500000000000002 0.36665000000000009 35.500000000000007 21.500000000000004 1.0000000180025095e-35 1.5000000000000002
decision_type=2 2 2 2 2 2 2 2 2 2 2 2 2 2
left_child=1 4 5 11 -1 6 -2 -6 9 -9 -5 12 13 -3
right_child=2 3 -4 10 7 -7 -8 8 -10 -11 -12 -13 -14 -15
leaf_value=0.056112681923629795 -0.11050074934054101 -0.0079235911685422225 -0.095715180770093597 0.07428493699260752 -0.098271280321647003 0.087682905754683155 0.047109043599432958 -0.00032773330455226695 -0.094683927499498194 -0.098264856117938087 -0.15782277632503547 -0.13215030264693364 -0.040047673095916204 0.02606006423829332
leaf_weight=9.4416747540235502 4.7982802093029013 204.70331762731075 15.369714260101317 56.464374765753746 90.058077052235603 147.43476597964764 27.230835571885109 60.332383260130882 87.440684616565704 14.375844076275824 1.4997145235538472 4.0419926196336737 35.233084455132484 202.4514829069376
leaf_count=47 27 865 112 302 595 917 140 355 569 95 6 17 142 836
internal_value=-0.000162814 -0.016142 0.0626637 0.0112343 -0.0689167 0.0762277 0.0234975 -0.0735973 -0.0598933 -0.0191734 0.0682796 0.00382761 0.00507001 0.00897426
internal_weight=960.876 766.043 194.834 504.394 261.649 179.464 32.0291 252.207 162.149 74.7082 57.9641 446.43 442.388 407.155
internal_count=5025 3829 1196 2168 1661 1084 167 1614 1019 450 308 1860 1843 1701
is_linear=0
shrinkage=0.08


Tree=14
num_leaves=15
num_cat=0
split_feature=6 11 17 8 16 10 1 0 1 6 18 7 0 18
split_gain=133.866 154.268 58.5872 30.1692 22.2511 15.9003 14.0462 12.8602 18.4334 13.0667 15.0538 12.5622 11.3415 10.836
threshold=0.58335000000000015 1.0000000180025095e-35 1.0000000180025095e-35 1.0000000180025095e-35 1.0000000180025095e-35 1.0000000180025095e-35 10.500000000000002 1.5000000000000002 13.500000000000002 0.29165000000000002 1.0000000180025095e-35 0.87500000000000011 2.5000000000000004 1.0000000180025095e-35
decision_type=2 2 2 2 2 2 2 2 2 2 2 2 2 2
left_child=1 4 5 -3 7 6 -2 -1 9 10 -9 -10 13 -5
right_child=2 3 -4 12 -6 -7 -8 8 11 -11 -12 -13 -14 -15
leaf_value=-0.096561144936413573 -0.086939183832230024 0.0024659089470382384 -0.094280752807725188 0.034650770182178159 0.04871318840896767 0.08530312227331717 0.048545668964711026 -0.030569888235291096 0.030295089118684133 -0.096934614144982098 0.073660269138352968 -0.090773593030664665 0.08906164510848727 -0.18773332969351622
leaf_weight=84.545877501368523 6.0813912451267269 430.90560667216778 14.395039081573485 31.673676297068596 10.284471228718756 139.74086773395538 25.152043402194977 44.355498701334 5.8877795040607444 13.71802446246147 11.084446683526037 80.194417238235474 37.44006210565567 1.4672649800777424
leaf_count=595 34 1802 112 138 52 917 133 270 29 96 59 560 222 6
internal_value=-0.000169334 -0.0151873 0.0607191 0.0104073 -0.0665142 0.0737692 0.0221657 -0.0714563 -0.0577839 -0.0270281 -0.00973052 -0.0824928 0.0588903 0.0248051
internal_weight=936.926 751.557 185.369 501.487 250.071 170.974 31.2334 239.786 155.24 69.158 55.4399 86.0822 70.581 33.1409
internal_count=5025 3829 1196 2168 1661 1084 167 1609 1014 425 329 589 366 144
is_linear=0
shrinkage=0.08


Tree=15
num_leaves=15
num_cat=0
split_feature=6 11 17 8 16 10 0 1 1 13 6 7 0 14
split_gain=118.988 137.955 52.5478 26.6458 19.932 14.8993 12.6736 17.5796 12.6461 12.3106 13.9039 11.6046 10.7472 10.6059
threshold=0.58335000000000015 1.0000000180025095e-35 1.0000000180025095e-35 1.0000000180025095e-35 1.0000000180025095e-35 1.0000000180025095e-35 1.5000000000000002 13.500000000000002 9.5000000000000018 1.0000000180025095e-35 0.36665000000000009 0.87500000000000011 2.5000000000000004 1.0000000180025095e-35
decision_type=2 2 2 2 2 2 2 2 2 2 2 2 2 2
left_child=1 4 5 13 6 8 -1 9 -2 10 -8 -9 -5 -3
right_child=2 3 -4 12 -6 -7 7 11 -10 -11 -12 -13 -14 -15
leaf_value=-0.095036757614556808 -0.10538445918614091 -0.011880669102820523 -0.092995865160233185 0.023038318761033464 0.045732414138199014 0.083056850773520235 0.012078038112281813 0.028113446695972395 0.042023906819678929 -0.088866625796003906 -0.095025951962815519 -0.088946109280785252 0.086511131320752707 0.013402025344109992
leaf_weight=79.246120750904083 4.3457863926887539 189.74382726848125 13.464367747306822 32.857028514146805 10.086803734302519 132.34319925308228 43.271252423524857 5.8391913175582877 26.06193046271801 15.187416806817053 9.4516141861677152 75.487583875656128 35.538683116436005 241.14667810499668
leaf_count=595 27 805 112 144 52 917 256 29 140 98 71 560 222 997
internal_value=-0.000174146 -0.0142796 0.0588889 0.00963182 -0.0643222 0.0714543 -0.0691807 -0.055451 0.0209567 -0.0254037 -0.00712247 -0.0805413 0.056019 0.00226872
internal_weight=914.071 737.856 176.215 499.286 238.57 162.751 228.483 149.237 30.4077 67.9103 52.7229 81.3268 68.3957 430.891
internal_count=5025 3829 1196 2168 1661 1084 1609 1014 167 425 327 589 366 1802
is_linear=0
shrinkage=0.08


Tree=16
num_leaves=15
num_cat=0
split_feature=6 11 17 8 7 15 0 1 6 0 9 1 1 1
split_gain=105.777 123.361 47.15 24.2518 18.0845 14.183 12.6922 31.2734 13.6759 11.9844 40.2638 14.0884 13.8016 13.5431
threshold=0.58335000000000015 1.0000000180025095e-35 1.0000000180025095e-35 1.5000000000000002 0.87500000000000011 1.0000000180025095e-35 1.5000000000000002 13.500000000000002 0.36665000000000009 1.5000000000000002 1.0000000180025095e-35 6.5000000000000009 8.5000000000000018 15.500000000000002
decision_type=2 2 2 2 2 2 2 2 2 2 2 2 2 2
left_child=1 4 5 9 -1 -2 -6 8 -8 10 12 -11 -3 -13
right_child=2 3 -4 -5 6 -7 7 -9 -10 11 -12 13 -14 -15
leaf_value=0.04888616720765912 0.072003600462904563 0.012639454823454226 -0.091841796563910449 0.098358586165941952 -0.093673524823677148 -0.14034959742538913 0.00044388887108562564 -0.089671572533137067 -0.093685243895870796 -0.13335144302975585 -0.10560181658854269 0.030610695532029199 -0.051177599499325314 -0.008472162603793857
leaf_weight=9.008538678288458 152.88953353464603 157.07214170694351 12.578965306282042 18.672819435596466 74.174327068030834 2.03978706896305 59.37238210439682 73.228805020451546 11.8500834479928 3.958328202366828 24.400587975978851 185.98782831430435 25.163360550999641 81.658616423606873
leaf_count=47 1072 633 112 123 595 12 355 569 95 17 139 790 102 364
internal_value=-0.000179551 -0.0134252 0.0571138 0.00891691 -0.0621969 0.0692078 -0.0667741 -0.0529616 -0.0152174 0.00542468 -0.00909445 0.0164708 0.0038275 0.0186866
internal_weight=892.056 724.548 167.508 496.914 227.634 154.929 218.626 144.451 71.2225 478.241 206.636 271.605 182.236 267.646
internal_count=5025 3829 1196 2168 1661 1084 1614 1019 450 2045 874 1171 735 1154
is_linear=0
shrinkage=0.08


Tree=17
num_leaves=15
num_cat=0
split_feature=6 11 17 0 16 10 0 1 1 13 6 18 1 0
split_gain=93.7492 110.086 42.1771 22.7475 17.2967 14.6181 12.2877 15.837 11.5227 11.3643 11.6199 10.4235 13.528 11.4654
threshold=0.58335000000000015 1.0000000180025095e-35 1.0000000180025095e-35 2.5000000000000004 1.0000000180025095e-35 1.0000000180025095e-35 1.5000000000000002 13.500000000000002 11.500000000000002 1.0000000180025095e-35 0.36665000000000009 1.0000000180025095e-35 13.500000000000002 1.5000000000000002
decision_type=2 2 2 2 2 2 2 2 2 2 2 2 2 2
left_child=1 4 5 11 6 8 -1 9 -2 10 -8 13 -13 -3
right_child=2 3 -4 -5 -6 -7 7 -9 -10 -11 -12 12 -14 -15
leaf_value=-0.092450840674037804 -0.069081270151339108 -0.007374293313136872 -0.090802674912491416 0.058876259244966644 0.043692177535829983 0.079094353289120387 0.010995364681489948 -0.077054612489599064 0.04580073980830697 -0.086326215514264976 -0.092441879193875295 -0.010569346057674327 -0.12480348633738249 0.019480819847744035
leaf_weight=69.339983277022839 7.5765197128057507 203.61161367595196 11.739294886589049 50.960337847471237 9.8194905519485456 119.2508657425642 43.575835630297661 72.3028574436903 21.286152333021164 14.179284229874609 8.2698329836130124 26.369331613183022 8.865276485681532 203.37085802853107
leaf_count=595 45 868 112 308 52 917 256 589 122 98 71 106 36 850
internal_value=-0.000194089 -0.0126453 0.055161 0.0082639 -0.0600594 0.0667299 -0.0649653 -0.0511875 0.0156439 -0.0228609 -0.00550377 0.00243142 -0.0393115 0.00604532
internal_weight=870.518 710.665 159.853 493.177 217.487 148.114 207.668 138.328 28.8627 66.025 51.8457 442.217 35.2346 406.982
internal_count=5025 3829 1196 2168 1661 1084 1609 1014 167 425 327 1860 142 1718
is_linear=0
shrinkage=0.08


Tree=18
num_leaves=15
num_cat=0
split_feature=6 11 17 8 7 10 10 16 11 14 10 0 1 6
split_gain=83.3415 98.1021 37.8758 21.1451 16.4712 14.5919 45.256 26.2929 19.6813 21.2189 16.3831 12.3441 28.677 11.6847
threshold=0.58335000000000015 1.0000000180025095e-35 1.0000000180025095e-35 1.5000000000000002 0.87500000000000011 0.68500000000000016 0.67500000000000016 1.0000000180025095e-35 1.0000000180025095e-35 1.0000000180025095e-35 1.0000000180025095e-35 1.5000000000000002 13.500000000000002 0.36665000000000009
decision_type=2 2 2 2 2 2 2 2 2 2 2 2 2 2
left_child=1 4 5 -3 -1 6 10 8 9 -8 -2 -6 13 -13
right_child=2 3 -4 -5 11 -7 7 -9 -10 -11 -12 12 -14 -15
leaf_value=0.048579421951403738 0.014734731326465056 0.0045147444792827066 -0.089864983665884871 0.095687483414254926 -0.091351350611165519 0.093419497324495657 -0.37401057973177365 0.093419497324495615 0.093419497324495587 0.093419497324495546 0.093419497324495657 0.00075903012654480822 -0.086929963114723161 -0.09137892308353722
leaf_weight=8.9007562547922117 28.235370576381683 474.00032912194729 10.945187926292418 16.859241619706154 64.747735261917114 62.613642126321793 3.936417579650878 2.2142348885536194 0.98410439491271962 0.73807829618453968 42.316488981246948 58.947344988584518 65.175836503505707 10.356504321098326
leaf_count=47 167 2045 112 123 595 509 32 18 8 6 344 355 569 95
internal_value=-0.000195188 -0.0118694 0.0534956 0.0076462 -0.0578958 0.064621 0.0416285 -0.140296 -0.231749 -0.300206 0.0619293 -0.0626528 -0.0488353 -0.0130097
internal_weight=850.971 698.988 151.984 490.86 208.128 141.038 78.4247 7.87284 5.6586 4.6745 70.5519 199.227 134.48 69.3038
internal_count=5025 3829 1196 2168 1661 1084 575 64 46 38 511 1614 1019 450
is_linear=0
shrinkage=0.08


Tree=19
num_leaves=15
num_cat=0
split_feature=6 11 17 8 0 1 7 10 10 16 10 13 16 13
split_gain=74.2248 87.5677 33.9965 19.383 16.112 18.4929 19.2919 14.2832 36.5916 18.1201 15.8537 12.3664 11.1239 10.4653
threshold=0.58335000000000015 1.0000000180025095e-35 1.0000000180025095e-35 1.5000000000000002 1.5000000000000002 13.500000000000002 0.87500000000000011 0.68500000000000016 0.67500000000000016 1.0000000180025095e-35 1.0000000180025095e-35 1.0000000180025095e-35 1.0000000180025095e-35 1.0000000180025095e-35
decision_type=2 2 2 2 2 2 2 2 2 2 2 2 2 2
left_child=1 4 7 -3 -1 12 -7 8 10 11 -2 -10 13 -6
right_child=2 3 -4 -5 5 6 -8 -9 9 -11 -12 -13 -14 -15
leaf_value=-0.090360343174748822 0.013627540743507971 0.0041547663245000603 -0.089017127019914252 0.09425596108682753 -0.0041672356935749597 0.046323480405006626 -0.085406656704684988 0.092222625095109867 -0.094773528925346448 0.092222625095109811 0.092222625095109867 -0.32035863577294521 0.10299675285575098 -0.083994237678733055
leaf_weight=60.398394279181957 28.09319007396698 473.86886420845985 10.195984363555906 15.789706349372862 51.064680740237236 8.0512856692075712 61.194374084472656 58.519073210656643 4.1738099530339223 2.0694367736577988 39.549236118793488 2.4789834693074226 5.0247264355421057 13.234803438186644
leaf_count=595 167 2045 112 123 327 43 569 509 30 18 344 16 29 98
internal_value=-0.000168441 -0.0111249 0.0518367 0.0070602 -0.0558781 -0.0408484 -0.0700902 0.062484 0.039695 -0.114521 0.0595806 -0.178832 -0.0116397 -0.0205981
internal_weight=833.707 688.627 145.08 489.659 198.968 138.57 69.2457 134.884 76.3647 8.72223 67.6424 6.65279 69.3242 64.2995
internal_count=5025 3829 1196 2168 1661 1066 612 1084 575 64 511 46 454 425
is_linear=0
shrinkage=0.08


Tree=20
num_leaves=15
num_cat=0
split_feature=6 11 17 8 0 1 7 10 10 10 11 6 15 0
split_gain=66.0505 78.331 30.5301 17.7857 15.6909 17.3086 17.6195 13.9855 30.6005 15.3388 14.127 10.806 10.3027 10.2222
threshold=0.58335000000000015 1.0000000180025095e-35 1.0000000180025095e-35 1.5000000000000002 1.5000000000000002 13.500000000000002 0.87500000000000011 0.68500000000000016 0.67500000000000016 1.0000000180025095e-35 1.0000000180025095e-35 0.36665000000000009 1.0000000180025095e-35 1.5000000000000002
decision_type=2 2 2 2 2 2 2 2 2 2 2 2 2 2
left_child=1 4 7 12 -1 11 -7 8 9 13 -10 -6 -3 -2
right_child=2 3 -4 -5 5 6 -8 -9 10 -11 -12 -13 -14 -15
leaf_value=-0.089465228339945468 -0.10567163467178448 0.0051512495202938905 -0.088249138686583212 0.092973640052138845 0.0018937171446500834 0.043412287988317068 -0.083943635092147098 0.091145840354494759 -0.14855841640581163 0.091145840354494759 0.092562519676969462 -0.090146112336481357 -0.10099756590918851 0.032381797050885341
leaf_weight=56.289783678948879 4.0068370327353504 467.81827992200851 9.4906444549560529 14.768528804183005 58.696992799639702 7.9099193215370169 57.434108078479767 54.63197972625494 7.3620719835162145 36.922202408313751 1.9715557247400282 9.4827062487602216 5.9260698854923239 23.954653881490231
leaf_count=595 26 2006 112 123 359 43 569 509 47 344 17 95 39 141
internal_value=-0.000152763 -0.0104272 0.0502264 0.00651859 -0.0540398 -0.0391055 -0.0685272 0.0604261 0.0378131 0.0572962 -0.0976261 -0.0109076 0.00382343 0.012599
internal_weight=816.666 678.326 138.34 488.513 189.814 133.524 65.344 128.849 74.2173 64.8837 9.33363 68.1797 473.744 27.9615
internal_count=5025 3829 1196 2168 1661 1066 612 1084 575 511 64 454 2045 167
is_linear=0
shrinkage=0.08


Tree=21
num_leaves=15
num_cat=0
split_feature=6 11 17 0 0 1 7 10 10 10 16 17 1 6
split_gain=58.9264 69.8352 27.5036 16.5904 15.383 16.2765 16.1121 13.5393 26.0888 14.6182 12.0392 10.3296 10.0113 9.94081
threshold=0.58335000000000015 1.0000000180025095e-35 1.0000000180025095e-35 2.5000000000000004 1.5000000000000002 13.500000000000002 0.87500000000000011 0.68500000000000016 0.67500000000000016 1.0000000180025095e-35 1.0000000180025095e-35 1.0000000180025095e-35 21.500000000000004 0.36665000000000009
decision_type=2 2 2 2 2 2 2 2 2 2 2 2 2 2
left_child=1 4 7 12 -1 13 11 8 9 -2 -10 -7 -3 -6
right_child=2 3 -4 -5 5 6 -8 -9 10 -11 -12 -13 -14 -15
leaf_value=-0.088655198345617275 0.011832856187334453 0.0023895878743935622 -0.087552359847778413 0.051698564257366741 0.0017405566813276201 0.089198893647770228 -0.08252850113412491 0.090174865806311677 -0.12913114831771311 0.090174865806311677 0.091670454202982143 -0.13450425836428082 -0.12595517377804069 -0.089271627879710602
leaf_weight=52.417399436235428 27.35071761906147 437.01235528290272 8.8278480768203718 46.073773168027401 58.75064842402935 6.0883569270372382 53.890638127923012 50.952501989901066 7.8629687502980214 34.435482680797577 1.9779995307326315 1.6871217042207716 3.9246112108230582 8.8358862921595556
leaf_count=595 167 1843 112 308 359 36 569 509 46 344 18 7 17 95
internal_value=-0.000145626 -0.00977009 0.0488295 0.0060202 -0.0520998 -0.0372751 -0.0669957 0.0586513 0.0362268 0.0554954 -0.0847508 0.0406598 0.00124724 -0.0101579
internal_weight=800.088 668.681 131.408 487.011 181.67 129.253 61.6661 122.58 71.6272 61.7862 9.84097 7.77548 440.937 67.5865
internal_count=5025 3829 1196 2168 1661 1066 612 1084 575 511 64 43 1860 454
is_linear=0
shrinkage=0.08


Tree=22
num_leaves=15
num_cat=0
split_feature=10 11 9 17 4 16 13 8 5 1 0 9 1 1
split_gain=52.9431 56.999 46.3858 34.7481 25.2582 23.67 16.3654 16.2457 12.2499 10.9414 10.3461 36.0965 12.8171 14.1091
threshold=0.68500000000000016 1.0000000180025095e-35 1.0000000180025095e-35 1.0000000180025095e-35 1.0000000180025095e-35 1.0000000180025095e-35 1.0000000180025095e-35 1.5000000000000002 1.0000000180025095e-35 21.500000000000004 1.5000000000000002 1.0000000180025095e-35 6.5000000000000009 15.500000000000002
decision_type=2 2 2 2 2 2 2 2 2 2 2 2 2 2
left_child=1 2 -1 -2 7 6 -4 8 9 10 11 -3 -12 -14
right_child=3 4 5 -5 -6 -7 -8 -9 -10 -11 12 -13 13 -15
leaf_value=0.089297502451572211 0.091398650862985362 0.0034314455509781034 -0.041494023926485782 -0.094102147505347372 0.080688569611689923 0.056034155205347602 -0.09151978889580846 0.09122616667674667 -0.10738308389787618 -0.084840615299901889 -0.12859558931798082 -0.10318039610572066 0.0302300997257119 -0.013127322477275414
leaf_weight=16.230314657092094 56.017653860151768 181.2777886390686 123.63177034258842 7.3056339547038069 29.138948135077953 12.324805244803427 63.271104253828526 13.273568719625471 6.5242226272821418 8.8950535506010038 3.8669344931840888 22.891843676567078 173.41561159491539 66.436787515878677
leaf_count=174 559 732 1100 87 235 80 667 123 29 41 17 139 747 295
internal_value=-0.000138045 -0.0062963 -0.0407532 0.0699973 0.00838376 -0.0513479 -0.0584289 0.00396293 0.00146288 0.00301752 0.00476238 -0.00852205 0.0158911 0.0182205
internal_weight=784.502 721.179 215.458 63.3233 505.721 199.228 186.903 476.582 463.308 456.784 447.889 204.17 243.719 239.852
internal_count=5025 4379 2021 646 2358 1847 1767 2123 2000 1971 1930 871 1059 1042
is_linear=0
shrinkage=0.08


Tree=23
num_leaves=15
num_cat=0
split_feature=10 11 9 17 4 16 13 8 5 0 1 9 1 1
split_gain=48.1315 50.195 41.4024 31.7268 22.6786 20.8165 16.0088 14.89 10.576 9.74897 16.4664 11.5985 9.34725 9.25614
threshold=0.68500000000000016 1.0000000180025095e-35 1.0000000180025095e-35 1.0000000180025095e-35 1.0000000180025095e-35 1.0000000180025095e-35 1.0000000180025095e-35 1.5000000000000002 1.0000000180025095e-35 1.5000000000000002 13.500000000000002 0.7250000000000002 22.500000000000004 21.500000000000004
decision_type=2 2 2 2 2 2 2 2 2 2 2 2 2 2
left_child=1 2 -1 -2 7 6 9 8 13 -4 -11 -12 -7 -3
right_child=3 4 5 -5 -6 12 -8 -9 -10 10 11 -13 -14 -15
leaf_value=0.088503246828730286 0.090440185565354811 0.0043954506745908749 -0.087865913245619182 -0.093118930411688436 0.078058691441949157 0.079362891245954525 -0.089773004235907089 0.090247368875309764 -0.1007714333606987 0.0010899495058600355 -0.074442937325002484 0.099441752163535263 -0.13683371822581361 -0.077994551920989419
leaf_weight=15.111435011029242 52.236442044377327 445.37148509919643 21.544122248888016 6.8122612088918677 27.767927192151546 10.527485735714434 59.497291959822178 12.380506888031958 6.4011418670415869 54.41957064718008 42.30967653542757 2.6062780469655982 1.4570050835609425 8.9013399332761747
leaf_count=174 559 1930 269 87 235 74 667 123 29 362 451 18 6 41
internal_value=-0.000128781 -0.00591384 -0.0390021 0.0692636 0.00779345 -0.0490186 -0.0558021 0.00366894 0.00134216 -0.0390815 -0.0285011 -0.0643532 0.053079 0.00278104
internal_weight=767.344 708.295 207.473 59.0487 500.822 192.361 180.377 473.054 460.674 120.88 99.3355 44.916 11.9845 454.273
internal_count=5025 4379 2021 646 2358 1847 1767 2123 2000 1100 831 469 80 1971
is_linear=0
shrinkage=0.08


Tree=24
num_leaves=15
num_cat=0
split_feature=10 11 9 17 4 16 13 8 18 1 0 9 13 1
split_gain=43.7929 44.4022 37.0841 28.9932 20.3549 18.3982 15.3928 13.6585 10.1514 11.0769 11.8258 33.8177 13.455 24.8189
threshold=0.68500000000000016 1.0000000180025095e-35 1.0000000180025095e-35 1.0000000180025095e-35 1.0000000180025095e-35 1.0000000180025095e-35 1.0000000180025095e-35 1.5000000000000002 1.0000000180025095e-35 21.500000000000004 1.5000000000000002 1.0000000180025095e-35 1.0000000180025095e-35 5.5000000000000009
decision_type=2 2 2 2 2 2 2 2 2 2 2 2 2 2
left_child=1 2 -1 -2 7 6 -4 8 9 10 11 12 -3 -14
right_child=3 4 5 -5 -6 -7 -8 -9 -10 -11 -12 -13 13 -15
leaf_value=0.087783019955293459 0.0895695104177128 0.018267670301861529 -0.037031756553074377 -0.092202203057484125 0.075477721947326146 0.051245168633785962 -0.087992932800098608 0.089363075801735373 -0.038957129936135558 -0.087165769073336147 0.019695399497009582 -0.10096588549534195 -0.11723470580002872 0.00456937786452675
leaf_weight=14.059393912553785 48.66991226375103 126.87502437829971 117.62389780580997 6.3484919965267173 26.473820433020592 11.447143658995627 55.989292226731777 11.53711876273155 36.988177955150604 8.2287913560867292 213.40886133909225 21.989728957414627 14.908063173294066 37.986369967460632
leaf_count=174 559 513 1100 87 235 80 667 123 160 38 934 142 60 153
internal_value=-0.000119918 -0.00554 -0.0374734 0.0685951 0.00721807 -0.0469894 -0.0534665 0.00338885 0.00123436 0.00474551 0.00656723 -0.00731897 0.00413609 -0.0297606
internal_weight=752.534 697.516 199.12 55.0184 498.396 185.06 173.613 471.922 460.385 423.397 415.168 201.759 179.769 52.8944
internal_count=5025 4379 2021 646 2358 1847 1767 2123 2000 1840 1802 868 726 213
is_linear=0
shrinkage=0.08


Tree=25
num_leaves=15
num_cat=0
split_feature=10 11 9 17 4 16 13 8 0 1 9 5 1 1
split_gain=39.8844 38.9996 33.0985 26.5159 18.245 16.1334 14.9247 12.5372 9.9275 15.0407 10.4027 8.90719 8.38797 7.98821
threshold=0.68500000000000016 1.0000000180025095e-35 1.0000000180025095e-35 1.0000000180025095e-35 1.0000000180025095e-35 1.0000000180025095e-35 1.0000000180025095e-35 1.5000000000000002 1.5000000000000002 13.500000000000002 0.7250000000000002 1.0000000180025095e-35 22.500000000000004 10.500000000000002
decision_type=2 2 2 2 2 2 2 2 2 2 2 2 2 2
left_child=1 2 -1 -2 7 6 8 11 -4 13 -11 -3 -7 -10
right_child=3 4 5 -5 -6 12 -8 -9 9 10 -12 -13 -14 -15
leaf_value=0.087128935729244766 0.088777334120304974 0.0024380160586224605 -0.086950092128346326 -0.091346907755784898 0.072936858377325109 0.07513420123364481 -0.086168310678914006 0.088562655922788225 -0.036714615541036312 -0.069710393433574144 0.098296749279991907 -0.094027084384667475 -0.13217175451779425 0.027502552532562063
leaf_weight=13.071913585066794 45.312535859644413 452.03478814661503 19.419058062136173 5.9130383692681781 25.255065329372883 9.712862052023409 52.735037915408611 10.742427438497542 19.548049204051495 39.924056626856327 2.5067869275808325 6.2102100551128379 1.4335055351257313 33.890580408275127
leaf_count=174 559 1971 269 87 235 74 667 123 147 451 18 29 6 215
internal_value=-0.000110531 -0.00519186 -0.0357657 0.0679853 0.00670024 -0.0447319 -0.050915 0.00313338 -0.0347894 -0.0242239 -0.0597846 0.00113071 0.0484731 0.00401167
internal_weight=737.71 686.484 192.242 51.2256 494.242 179.17 168.024 468.987 115.289 95.8695 42.4308 458.245 11.1464 53.4386
internal_count=5025 4379 2021 646 2358 1847 1767 2123 1100 831 469 2000 80 362
is_linear=0
shrinkage=0.08


Tree=26
num_leaves=15
num_cat=0
split_feature=10 11 9 17 4 0 10 8 15 1 4 1 18 1
split_gain=36.3547 34.4489 29.6619 24.2678 16.3405 15.1915 15.1162 11.5145 9.54111 10.1481 14.4377 9.46004 8.3172 9.44612
threshold=0.68500000000000016 1.0000000180025095e-35 1.0000000180025095e-35 1.0000000180025095e-35 1.0000000180025095e-35 1.5000000000000002 0.67500000000000016 1.5000000000000002 1.0000000180025095e-35 13.500000000000002 1.0000000180025095e-35 12.500000000000002 1.0000000180025095e-35 21.500000000000004
decision_type=2 2 2 2 2 2 2 2 2 2 2 2 2 2
left_child=1 2 -1 -2 7 -4 8 12 9 11 -11 -7 13 -3
right_child=3 4 5 -5 -6 6 -8 -9 -10 10 -12 -13 -14 -15
leaf_value=0.086534089314194249 0.088055570874988068 0.0059189010119163011 -0.086351239563866464 -0.090548651876840816 0.070429486601338354 -0.0053958559690812135 -0.090586908322676185 0.08783694294706694 -0.10339865534054166 -0.073928890588931775 0.025307309917779158 0.076372440535837846 -0.035358420689473084 -0.080908490893590493
leaf_weight=12.146464750170706 42.157619930803776 412.89499323070049 39.532303098589182 5.5045875124633303 24.109518796205521 49.795358791947365 21.925503686070442 9.9950976893305761 7.77143421024084 28.653723336756229 13.9513823390007 11.068033203482626 36.938859239220619 8.1778169274330121
leaf_count=174 559 1802 613 87 235 365 235 123 67 387 108 72 160 38
internal_value=-0.000103628 -0.00485829 -0.0343044 0.0674283 0.00620197 -0.0428034 -0.0298755 0.00289327 -0.0179092 -0.0114882 -0.0414332 0.00947374 0.00103956 0.00423259
internal_weight=724.623 676.96 184.844 47.6622 492.116 172.698 133.165 468.007 111.24 103.468 42.6051 60.8634 458.012 421.073
internal_count=5025 4379 2021 646 2358 1847 1234 2123 999 932 495 437 2000 1840
is_linear=0
shrinkage=0.08


Tree=27
num_leaves=15
num_cat=0
split_feature=16 13 15 6 11 1 11 8 14 1 1 1 1 7
split_gain=34.0755 32.0179 27.1866 28.6262 25.6058 30.4033 15.6579 11.3095 10.181 12.9537 12.1102 10.1518 15.921 12.0318
threshold=1.0000000180025095e-35 1.0000000180025095e-35 1.0000000180025095e-35 0.58335000000000015 1.0000000180025095e-35 5.5000000000000009 1.0000000180025095e-35 1.0000000180025095e-35 1.0000000180025095e-35 10.500000000000002 19.500000000000004 13.500000000000002 10.500000000000002 0.87500000000000011
decision_type=2 2 2 2 2 2 2 2 2 2 2 2 2 2
left_child=1 2 3 6 -3 -6 11 -8 9 -7 -10 12 -1 -13
right_child=-2 4 -4 -5 5 8 7 -9 10 -11 -12 13 -14 -15
leaf_value=-0.052262641738577087 0.076162360367119319 -0.080590799779946973 -0.097103066255437354 0.062026311894840092 -0.10825912522721221 -0.065442056863881909 0.0044896357326699625 0.048988632310932367 0.028778964012121797 0.032083127748663454 -0.1672353687684775 0.082661865508369112 0.032854709791145756 -0.086258050459794941
leaf_weight=27.694407142698765 35.623381376266479 52.225970383733511 15.825117871165274 58.331638470292091 18.407880961894989 23.835172221064568 303.80420252680779 41.552643075585365 63.07545992732048 13.741837620735167 2.0838731825351706 3.0257867425680187 28.57626773416996 24.961218170821667
leaf_count=308 368 743 165 722 80 114 1277 291 282 87 9 21 187 371
internal_value=-0.000100013 -0.00411206 0.00609304 0.00943991 -0.0337656 -0.013579 0.0022999 0.00984367 0.00338544 -0.0297773 0.0225102 -0.0286206 -0.009037 -0.0679954
internal_weight=712.765 677.141 503.771 487.946 173.37 121.144 429.615 345.357 102.736 37.577 65.1593 84.2577 56.2707 27.987
internal_count=5025 4657 3342 3177 1315 572 2455 1568 492 201 291 887 495 392
is_linear=0
shrinkage=0.08


Tree=28
num_leaves=15
num_cat=0
split_feature=10 11 9 17 0 4 10 8 1 4 5 14 1 1
split_gain=31.0399 27.5332 24.5921 21.2446 14.3699 13.7507 13.3682 10.1659 8.21842 9.8039 7.45807 7.4236 10.5062 12.6835
threshold=0.68500000000000016 1.0000000180025095e-35 1.0000000180025095e-35 1.0000000180025095e-35 1.5000000000000002 1.0000000180025095e-35 0.67500000000000016 1.5000000000000002 13.500000000000002 1.0000000180025095e-35 1.0000000180025095e-35 1.0000000180025095e-35 4.5000000000000009 15.500000000000002
decision_type=2 2 2 2 2 2 2 2 2 2 2 2 2 2
left_child=1 2 -1 -2 -4 7 8 10 -6 -10 11 -3 -13 -14
right_child=3 5 4 -5 6 -7 -8 -9 9 -11 -12 12 13 -15
leaf_value=0.085621707053007784 0.087035975102051993 -0.009618521697791961 -0.085485019381417796 -0.08917689309913783 0.0020950083533690079 0.066951440847104776 -0.086444245456482896 0.086858352672041464 -0.072193647606710099 0.0096038231450130945 -0.087876645400511169 -0.037430954735220942 0.026604604021579124 -0.019464037671549722
leaf_weight=10.674095060676335 37.302439365535975 198.92848618328571 34.550585582852364 4.9611381329596034 64.322646461427212 22.123891867697239 20.454291678965092 8.9448095485568029 26.868359185755253 14.405729383230208 5.998267948627471 25.651899918913841 176.22746428847313 48.850384399294853
leaf_count=174 559 884 613 87 471 235 235 123 414 114 29 106 768 213
internal_value=-0.000107172 -0.00437581 -0.0319625 0.0663511 -0.0397775 0.00533178 -0.0272491 0.00239751 -0.0157829 -0.0436442 0.000739494 0.0019216 0.0110775 0.016606
internal_weight=700.264 658.001 171.276 42.2636 160.602 486.725 126.051 464.601 105.597 41.2741 455.657 449.658 250.73 225.078
internal_count=5025 4379 2021 646 1847 2358 1234 2123 999 528 2000 1971 1087 981
is_linear=0
shrinkage=0.08


Tree=29
num_leaves=15
num_cat=0
split_feature=16 13 15 6 11 1 11 8 1 1 7 14 1 1
split_gain=29.0765 26.7972 24.0989 23.4677 21.7053 25.2874 11.9749 9.36596 9.36115 13.3398 10.4178 8.15484 10.7458 10.0068
threshold=1.0000000180025095e-35 1.0000000180025095e-35 1.0000000180025095e-35 0.58335000000000015 1.0000000180025095e-35 5.5000000000000009 1.0000000180025095e-35 1.0000000180025095e-35 13.500000000000002 10.500000000000002 0.87500000000000011 1.0000000180025095e-35 10.500000000000002 19.500000000000004
decision_type=2 2 2 2 2 2 2 2 2 2 2 2 2 2
left_child=1 2 3 6 -3 -6 8 -8 9 -1 -10 12 -7 -13
right_child=-2 4 -4 -5 5 11 7 -9 10 -11 -12 13 -14 -15
leaf_value=-0.048937594762656696 0.073467719051516736 -0.077406328976408367 -0.096080094909634386 0.058784313420533529 -0.10044536672600211 -0.06036470198898445 0.0041270964783900353 0.045382735810902471 0.079477841657217205 0.030040422562801983 -0.085328241458517765 0.025124341611039724 0.029334031741246852 -0.15402686090245457
leaf_weight=25.910201299935579 32.751237239688635 47.201665680855513 14.461413629353045 53.275268040597439 18.096055403351784 23.508921027183533 303.08271653950214 39.848436266183853 2.7676249444484737 29.014252960681915 21.714522320777178 62.386449739336967 13.430991534143685 2.0613638162612906
leaf_count=308 368 743 165 722 80 114 1277 291 21 187 371 282 87 9
internal_value=-9.88028e-05 -0.00376741 0.00565689 0.00875029 -0.031476 -0.0133313 0.00243881 0.00892098 -0.0255556 -0.00721687 -0.0666975 0.00221712 -0.0277511 0.0193942
internal_weight=689.511 656.76 490.074 475.613 166.685 119.484 422.338 342.931 79.4066 54.9245 24.4821 101.388 36.9399 64.4478
internal_count=5025 4657 3342 3177 1315 572 2455 1568 887 495 392 492 201 291
is_linear=0
shrinkage=0.08


Tree=30
num_leaves=15
num_cat=0
split_feature=10 11 9 17 0 10 4 8 15 18 1 14 16 8
split_gain=26.6185 21.9365 20.4282 18.695 13.6127 11.8095 11.5456 9.00418 7.71033 7.69725 7.6684 7.42129 8.9624 8.19752
threshold=0.68500000000000016 1.0000000180025095e-35 1.0000000180025095e-35 1.0000000180025095e-35 1.5000000000000002 0.67500000000000016 1.0000000180025095e-35 1.5000000000000002 1.0000000180025095e-35 1.0000000180025095e-35 18.500000000000004 1.0000000180025095e-35 1.0000000180025095e-35 1.0000000180025095e-35
decision_type=2 2 2 2 2 2 2 2 2 2 2 2 2 2
left_child=1 2 -1 -2 -4 8 7 9 10 11 -6 12 13 -3
right_child=3 6 4 -5 5 -7 -8 -9 -10 -11 -12 -13 -14 -15
leaf_value=0.084856834561652605 0.086185323333603001 -0.015612489771553923 -0.084766963335663081 -0.088009762313623771 0.00096492354453488736 -0.082259189909491784 0.0635403375110071 0.086030395606115043 -0.098904596470311884 -0.034671182105940897 -0.065780538624050588 0.013695148386636966 0.11428653820049775 0.039291869998016614
leaf_weight=9.3882141187787038 33.035564191639423 173.33958011865616 30.227133937180042 4.477494813501834 81.803573243319988 19.172457970678806 20.361977115273476 8.0159005746245366 6.3776494376361361 36.613755896687508 12.730899948626755 219.60090607404709 3.780036360025405 19.346450261771679
leaf_count=174 559 757 613 87 752 235 235 123 67 160 180 960 18 105
internal_value=-0.000105483 -0.00394012 -0.0296306 0.0653937 -0.0367813 -0.0247026 0.00458852 0.00198295 -0.0137673 0.000494671 -0.00802365 0.00358925 -0.00770666 -0.0100999
internal_weight=678.272 640.759 159.7 37.5131 150.312 120.085 481.059 460.697 100.912 452.681 94.5345 416.067 196.466 192.686
internal_count=5025 4379 2021 646 1847 1234 2358 2123 999 2000 932 1840 880 862
is_linear=0
shrinkage=0.08


Tree=31
num_leaves=15
num_cat=0
split_feature=10 11 9 17 0 10 4 8 15 1 14 18 1 0
split_gain=24.3302 19.1281 18.2324 17.1519 13.3615 10.3498 10.2753 8.27821 7.11873 6.81634 6.557 6.51688 7.17614 6.88935
threshold=0.68500000000000016 1.0000000180025095e-35 1.0000000180025095e-35 1.0000000180025095e-35 1.5000000000000002 0.67500000000000016 1.0000000180025095e-35 1.5000000000000002 1.0000000180025095e-35 19.500000000000004 1.0000000180025095e-35 1.0000000180025095e-35 21.500000000000004 1.5000000000000002
decision_type=2 2 2 2 2 2 2 2 2 2 2 2 2 2
left_child=1 2 -1 -2 -4 8 7 11 9 -6 -7 12 13 -3
right_child=3 6 4 -5 5 10 -8 -9 -10 -11 -12 -13 -14 -15
leaf_value=0.084461705083461722 0.08568981441097577 -0.0058936857848526638 -0.08438991614635738 -0.087425537175108578 0.00021010371897674693 -0.090151419858389092 0.06111406769727596 0.085533304263413365 -0.09751399746548263 -0.068128965218133289 0.10078934645687346 -0.03189083618616944 -0.07159595920888577 0.014932567379225953
leaf_weight=8.7053074985742551 30.664836429059505 198.12240729480982 28.022761609405279 4.1597475595772258 83.712149567902088 17.488655891269449 19.51225508749485 7.4408617615699759 5.9678432792425147 10.514226071536539 1.2321268320083607 36.620945662260056 8.0260305851697904 208.78370632231236
leaf_count=174 559 868 613 87 777 227 235 123 67 155 8 160 38 934
internal_value=-9.31072e-05 -0.00366835 -0.0280302 0.0650114 -0.0346947 -0.0229839 0.00425578 0.00183868 -0.012782 -0.00741549 -0.0775845 0.000459529 0.0033147 0.00479227
internal_weight=668.974 634.149 155.643 34.8246 146.938 118.915 478.506 458.994 100.194 94.2264 18.7208 451.553 414.932 406.906
internal_count=5025 4379 2021 646 1847 1234 2358 2123 999 932 235 2000 1840 1802
is_linear=0
shrinkage=0.08


Tree=32
num_leaves=15
num_cat=0
split_feature=16 13 15 6 11 1 11 1 1 7 6 8 14 1
split_gain=22.9999 21.749 19.5535 17.9107 16.683 21.2151 8.64843 8.9837 11.1294 9.00405 8.37792 6.78886 6.95031 8.84234
threshold=1.0000000180025095e-35 1.0000000180025095e-35 1.0000000180025095e-35 0.58335000000000015 1.0000000180025095e-35 5.5000000000000009 1.0000000180025095e-35 13.500000000000002 8.5000000000000018 0.87500000000000011 0.36665000000000009 1.0000000180025095e-35 1.0000000180025095e-35 13.500000000000002
decision_type=2 2 2 2 2 2 2 2 2 2 2 2 2 2
left_child=1 2 3 6 -3 -6 7 8 -1 -9 -10 12 -8 -14
right_child=-2 4 -4 -5 5 -7 11 9 10 -11 -12 -13 13 -15
leaf_value=-0.087547663397825687 0.069459565758820341 -0.072796373974239312 -0.093881725144288095 0.054896786374022906 -0.094204979049874335 0.0007772752928868437 -0.0089524334929086992 0.077487928264595982 0.024052632790499861 -0.084588496014011319 -0.086934432512742049 0.040209404902049391 0.026534391068954912 -0.015997374134742524
leaf_weight=8.61879003793001 29.094984836876392 41.111010581254959 12.386603116989134 46.775897517800331 17.729053407907486 99.600160129368305 140.01400121301413 2.4815167933702496 39.44346471503377 18.914139930158854 4.8927733376622191 37.453371204435825 119.40745165944099 42.389657288789749
leaf_count=155 368 743 165 722 80 492 604 21 273 371 67 291 496 177
internal_value=-8.42174e-05 -0.00328973 0.00530682 0.00797544 -0.0289414 -0.013575 0.00266909 -0.0220417 -0.00436571 -0.0657905 0.0118045 0.00808453 0.00409798 0.0153914
internal_weight=660.313 631.218 472.778 460.391 158.44 117.329 413.615 74.3507 52.955 21.3957 44.3362 339.264 301.811 161.797
internal_count=5025 4657 3342 3177 1315 572 2455 887 495 392 340 1568 1277 673
is_linear=0
shrinkage=0.08


Tree=33
num_leaves=15
num_cat=0
split_feature=10 15 17 11 9 0 10 4 8 18 14 16 13 8
split_gain=21.0528 15.5635 15.1913 11.7975 14.2243 12.5423 10.5326 8.90504 7.24846 6.29154 6.8097 7.28312 7.13649 9.75317
threshold=0.68500000000000016 1.0000000180025095e-35 1.0000000180025095e-35 1.0000000180025095e-35 1.0000000180025095e-35 1.5000000000000002 0.67500000000000016 1.0000000180025095e-35 1.5000000000000002 1.0000000180025095e-35 1.0000000180025095e-35 1.0000000180025095e-35 1.0000000180025095e-35 1.0000000180025095e-35
decision_type=2 2 2 2 2 2 2 2 2 2 2 2 2 2
left_child=1 3 -2 4 -1 -6 -7 8 9 10 11 12 13 -5
right_child=2 -3 -4 7 5 6 -8 -9 -10 -11 -12 -13 -14 -15
leaf_value=0.083874492655045277 0.085062042989541065 -0.092382500740708168 -0.086505676392684819 -0.0077565975057933235 -0.083897913296530943 -0.0063713080704126106 -0.0742654023187614 0.059987061415467745 0.084917152221919853 -0.030694406394703534 0.013816879557664835 0.10810855923378883 -0.038701331114912842 0.059733825799315528
leaf_weight=7.6649821661412707 27.233599025756124 12.305103849619625 3.7588512375950804 135.30003070831299 21.634392403066158 91.577664338052273 17.402418121695518 17.836303345859051 6.7044410929083815 36.537247687578201 213.67002941668034 3.4632267057895652 40.635417126119137 15.248223915696142
leaf_count=174 559 180 87 576 539 932 235 234 123 160 922 18 196 90
internal_value=-9.26056e-05 -0.00330925 0.0642538 -0.00150556 -0.0220427 -0.0282583 -0.0172129 0.00454449 0.00235454 0.00111023 0.00395619 -0.0068682 -0.00895096 -0.000920855
internal_weight=650.972 619.979 30.9925 607.674 138.279 130.614 108.98 469.395 451.559 444.854 408.317 194.647 191.184 150.548
internal_count=5025 4379 646 4199 1880 1706 1167 2319 2085 1962 1802 880 862 666
is_linear=0
shrinkage=0.08


Tree=34
num_leaves=15
num_cat=0
split_feature=10 15 17 16 13 6 1 1 4 14 1 1 8 9
split_gain=19.2724 14.267 13.9526 10.8639 17.3147 14.8181 17.3663 9.923 13.4459 8.2849 8.74114 7.99056 10.098 8.89648
threshold=0.68500000000000016 1.0000000180025095e-35 1.0000000180025095e-35 1.0000000180025095e-35 1.0000000180025095e-35 0.29165000000000002 5.5000000000000009 15.500000000000002 1.0000000180025095e-35 1.0000000180025095e-35 19.500000000000004 15.500000000000002 1.0000000180025095e-35 0.7250000000000002
decision_type=2 2 2 2 2 2 2 2 2 2 2 2 2 2
left_child=1 3 -2 4 11 6 -6 -5 -9 -8 -11 -1 13 -13
right_child=2 -3 -4 7 5 -7 9 8 -10 10 -12 12 -14 -15
leaf_value=0.009896858777020975 0.084661225913587546 -0.091476107506926405 -0.086023672677292995 0.096977946364829842 -0.086757273363533477 -0.10126816327924189 -0.032269533931677363 -0.15325075625098947 0.089077924134853811 0.017824328093054016 -0.12794670149279055 -0.034234416802292195 0.06455030119873148 0.092624845859549818
leaf_weight=354.1285143867135 25.253962181508545 11.467013783752916 3.4885097574442616 13.084220424294474 20.143900707364082 15.381838500499724 45.968497417867184 2.8404334634542456 3.0271795503795147 64.164341121912003 2.7453706562519065 68.535804189741611 8.4888443648815137 3.7305450551211825
leaf_count=2165 559 180 87 132 177 188 436 12 38 366 27 548 72 38
internal_value=-8.10737e-05 -0.00307968 0.063945 -0.00139656 -0.00333335 -0.0269284 -0.0183322 0.0582127 -0.0282302 -0.00612126 0.0118432 0.00471845 -0.01799 -0.0276857
internal_weight=642.449 613.707 28.7425 602.239 583.288 148.404 133.022 18.9518 5.86761 112.878 66.9097 434.884 80.7552 72.2663
internal_count=5025 4379 646 4199 4017 1194 1006 182 50 829 393 2823 658 586
is_linear=0
shrinkage=0.08


Tree=35
num_leaves=15
num_cat=0
split_feature=10 15 17 16 13 6 1 1 4 6 5 1 8 1
split_gain=17.6513 13.0859 12.8198 9.78881 14.8693 12.9829 15.3437 9.04181 11.786 7.631 8.89909 9.29258 10.8997 7.10382
threshold=0.68500000000000016 1.0000000180025095e-35 1.0000000180025095e-35 1.0000000180025095e-35 1.0000000180025095e-35 0.29165000000000002 5.5000000000000009 15.500000000000002 1.0000000180025095e-35 0.58335000000000015 1.0000000180025095e-35 14.500000000000002 1.0000000180025095e-35 18.500000000000004
decision_type=2 2 2 2 2 2 2 2 2 2 2 2 2 2
left_child=1 3 -2 4 9 6 -6 -5 -9 10 11 -1 -13 -8
right_child=2 -3 -4 7 5 -7 13 8 -10 -11 -12 12 -14 -15
leaf_value=0.0094807888714188108 0.084293132960967368 -0.090635562703330494 -0.085576432387997059 0.095560451670534244 -0.082577133166409342 -0.095628460431811446 -0.0019920193606585875 -0.14365016233983441 0.088321172244678114 0.043468850488168072 -0.078073922798678919 -0.03286981589794797 0.050878775752677921 -0.11560824587745225
leaf_weight=314.18640227615833 23.41000780463219 10.679562009871004 3.2364470902830353 12.250089023262264 19.497517330572009 15.002041932195423 108.42785286158323 2.7898124903440467 2.8174054957926273 29.733829651027918 8.8039285652339441 69.524574480950832 11.606118153780697 3.6402615867555133
leaf_count=1683 559 180 87 132 177 188 787 12 38 397 79 562 102 42
internal_value=-7.12594e-05 -0.00286001 0.063661 -0.00129318 -0.00308807 -0.0251181 -0.017078 0.0570469 -0.0270937 0.00435426 0.00147635 0.00324798 -0.0208892 -0.00568257
internal_weight=635.606 608.959 26.6465 598.28 580.423 146.568 131.566 17.8573 5.60722 433.855 404.121 395.317 81.1307 112.068
internal_count=5025 4379 646 4199 4017 1194 1006 182 50 2823 2426 2347 664 829
is_linear=0
shrinkage=0.08


Tree=36
num_leaves=15
num_cat=0
split_feature=10 11 9 0 17 1 9 4 8 5 16 13 1 1
split_gain=16.1763 12.1225 12.4799 11.9993 11.7832 7.73139 11.1482 7.10731 6.63098 5.44128 5.25925 6.99458 4.92802 4.4289
threshold=0.68500000000000016 1.0000000180025095e-35 1.0000000180025095e-35 1.5000000000000002 1.0000000180025095e-35 13.500000000000002 0.7250000000000002 1.0000000180025095e-35 1.5000000000000002 1.0000000180025095e-35 1.0000000180025095e-35 1.0000000180025095e-35 25.500000000000004 8.5000000000000018
decision_type=2 2 2 2 2 2 2 2 2 2 2 2 2 2
left_child=1 2 -1 -4 -2 10 -7 8 9 12 11 13 -3 -5
right_child=4 7 3 5 -6 6 -8 -9 -10 -11 -12 -13 -14 -15
leaf_value=0.083332406430247932 0.083954929104515144 0.002075935868674389 -0.083378286668993148 -0.097449533700928834 -0.085161530820693415 -0.055370692013053023 0.10137702549800645 0.055015187965098945 0.084429078653140213 -0.078354976449660871 0.090205678049175328 -0.06589874767251605 -0.11649205221202318 0.011096002464820887
leaf_weight=6.6590397432446471 21.693676266819242 435.77539324760437 21.632583130151033 2.5305692553520194 3.0015817116945973 40.711066942662001 3.1269483938813201 16.534296747297049 6.1031230799853793 5.5348443090915671 3.8270128220319739 10.508393121883271 2.2550653666257849 48.776852317154408
leaf_count=174 559 1960 613 18 87 683 28 235 123 29 39 122 11 344
internal_value=-6.32561e-05 -0.00265812 -0.023507 -0.0289332 0.0633997 -0.0181753 -0.0441899 0.00350316 0.00160906 0.000469518 -0.000802013 -0.00643629 0.00146552 0.00574235
internal_weight=628.67 603.975 137.772 131.113 24.6953 109.481 43.838 466.203 449.668 443.565 65.6428 61.8158 438.03 51.3074
internal_count=5025 4379 2021 1847 646 1234 711 2358 2123 2000 523 484 1971 362
is_linear=0
shrinkage=0.08


Tree=37
num_leaves=15
num_cat=0
split_feature=10 15 17 16 13 1 11 1 4 6 5 1 8 10
split_gain=14.8329 11.7675 10.8339 8.4243 12.0402 11.2292 13.4884 8.02488 10.0815 6.28442 7.32823 7.44605 9.12289 6.4946
threshold=0.68500000000000016 1.0000000180025095e-35 1.0000000180025095e-35 1.0000000180025095e-35 1.0000000180025095e-35 5.5000000000000009 1.0000000180025095e-35 15.500000000000002 1.0000000180025095e-35 0.58335000000000015 1.0000000180025095e-35 14.500000000000002 1.0000000180025095e-35 0.67500000000000016
decision_type=2 2 2 2 2 2 2 2 2 2 2 2 2 2
left_child=1 3 -2 4 9 -6 -7 -5 -9 10 11 -1 -13 -11
right_child=2 -3 -4 7 5 6 -8 8 -10 13 -12 12 -14 -15
leaf_value=0.0086233868176811904 0.083644045831654884 -0.089853181457853287 -0.084776721569927924 0.094120978545072273 -0.079553953399964433 -0.063415795803142633 0.00010823542649730875 -0.13422726789128051 0.087484439778328371 0.058985490951624441 -0.07255231848972854 -0.029780219231319509 0.048274094146834978 -0.039737363860669464
leaf_weight=313.18980041146278 20.09719351306558 9.7038251105695945 2.7828755713999263 11.103161234408619 19.249305734410882 27.442950289696455 97.031474646180868 2.6861966103315345 2.5668362863361835 22.905273240059618 8.3745670579373819 68.200882948935032 11.15016173198819 5.2405318580567828
leaf_count=1683 559 180 87 132 182 550 462 12 38 366 79 562 102 31
internal_value=-5.74913e-05 -0.00247281 0.0631592 -0.00103356 -0.00265012 -0.0226906 -0.0138969 0.0555776 -0.0258903 0.00406288 0.00149755 0.00307734 -0.0188123 0.0406041
internal_weight=621.725 598.845 22.8801 589.141 572.785 143.724 124.474 16.3562 5.25303 429.061 400.915 392.541 79.351 28.1458
internal_count=5025 4379 646 4199 4017 1194 1012 182 50 2823 2426 2347 664 397
is_linear=0
shrinkage=0.08


Tree=38
num_leaves=15
num_cat=0
split_feature=9 16 11 18 10 9 4 1 5 1 4 0 0 14
split_gain=13.9163 11.0729 12.014 14.0377 8.06813 7.50975 7.17001 8.27601 7.92791 6.85244 9.69257 6.03623 8.05799 6.68672
threshold=0.7250000000000002 1.0000000180025095e-35 1.0000000180025095e-35 1.0000000180025095e-35 1.0000000180025095e-35 1.0000000180025095e-35 1.0000000180025095e-35 13.500000000000002 1.0000000180025095e-35 15.500000000000002 1.0000000180025095e-35 2.5000000000000004 1.5000000000000002 1.0000000180025095e-35
decision_type=2 2 2 2 2 2 2 2 2 2 2 2 2 2
left_child=1 2 3 5 -4 -1 7 8 -5 -3 -11 12 -7 -14
right_child=-2 9 4 6 -6 11 -8 -9 -10 10 -12 -13 13 -15
leaf_value=0.08294554148264012 0.088898234257648312 0.09085369809598165 0.00065765973033814944 0.060805570981600492 0.065219056508453443 -0.083053732572086245 0.09014619803655631 -0.083832468051300971 -0.085546942517612121 -0.12793358062418364 0.084923838266839802 -0.11077738554850758 -0.01523459769428588 -0.089711049559184519
leaf_weight=3.1168125905096522 11.054446570575235 13.018411144614221 444.41332270205021 11.685014039278036 12.743391864001749 19.308073775842786 7.7707595042884341 5.5151306279003611 2.9711915068328372 2.5965254902839652 2.8963130563497543 7.7832959517836562 60.964193485677242 8.8332378491759282
leaf_count=91 230 222 2117 59 238 613 154 127 49 12 69 123 771 150
internal_value=-5.0994e-05 -0.00167999 -0.00360725 -0.025276 0.00245733 -0.0392828 0.0248548 -0.000297918 0.0311361 0.0592372 -0.0156962 -0.0432147 -0.0373132 -0.02466
internal_weight=614.67 603.616 585.104 127.948 457.157 100.006 27.9421 20.1713 14.6562 18.5112 5.49284 96.8888 89.1055 69.7974
internal_count=5025 4795 4492 2137 2355 1748 389 235 108 303 81 1657 1534 921
is_linear=0
shrinkage=0.08


Tree=39
num_leaves=15
num_cat=0
split_feature=9 15 16 13 6 1 6 5 1 0 14 1 1 1
split_gain=12.7529 10.3919 9.62697 11.0912 10.9811 12.2048 7.51248 7.93416 6.47115 7.68323 7.02566 6.87724 20.4913 12.9664
threshold=0.7250000000000002 1.0000000180025095e-35 1.0000000180025095e-35 1.0000000180025095e-35 0.29165000000000002 5.5000000000000009 0.87500000000000011 1.0000000180025095e-35 18.500000000000004 2.5000000000000004 1.0000000180025095e-35 14.500000000000002 16.500000000000004 15.500000000000002
decision_type=2 2 2 2 2 2 2 2 2 2 2 2 2 2
left_child=1 2 3 6 5 -5 7 -1 9 10 11 -7 13 -13
right_child=-2 -3 -4 4 -6 8 -8 -9 -10 -11 -12 12 -14 -15
leaf_value=0.0030719316825904902 0.088375637564168927 -0.08878803259150983 0.058490411966239879 -0.074804632843274488 -0.083899660941070028 -0.0419841991580698 0.043059283625632841 -0.077599491488892294 -0.11436897120932721 0.093186119302858333 0.012489469044423907 0.085141254285209411 -0.1344356143534125 0.47105267702653553
leaf_weight=391.3178439270705 10.262434694916008 8.616418579593299 17.307613404467702 17.863833624869585 15.96764377877116 36.458572825416923 29.866976441815495 7.9613802526146165 3.2666458636522284 5.3699500001966944 59.586592918261886 1.6670011430978768 1.8971040975302456 0.83698907867074002
leaf_count=2370 230 180 303 177 272 364 583 81 42 51 330 14 12 16
internal_value=-4.91567e-05 -0.00156668 -0.000291522 -0.00206996 -0.0213729 -0.0135082 0.00435831 0.00146339 -0.00347001 -4.6459e-05 -0.00503076 -0.0305809 0.0638837 0.214137
internal_weight=608.247 597.985 589.368 572.061 142.914 126.947 429.146 399.279 109.083 105.816 100.446 40.8597 4.40109 2.50399
internal_count=5025 4795 4615 4312 1278 1006 3034 2451 829 787 736 406 42 30
is_linear=0
shrinkage=0.08


Tree=40
num_leaves=15
num_cat=0
split_feature=10 15 17 10 10 1 1 9 0 0 1 17 8 17
split_gain=11.9623 9.39489 9.07943 7.80525 12.5178 6.94924 8.16073 21.742 17.3761 15.2588 15.8617 9.70944 8.37901 8.28342
threshold=0.68500000000000016 1.0000000180025095e-35 1.0000000180025095e-35 0.67500000000000016 1.0000000180025095e-35 23.500000000000004 10.500000000000002 1.0000000180025095e-35 1.5000000000000002 1.5000000000000002 15.500000000000002 1.0000000180025095e-35 1.0000000180025095e-35 1.0000000180025095e-35
decision_type=2 2 2 2 2 2 2 2 2 2 2 2 2 2
left_child=1 3 -2 4 5 6 7 11 -9 -8 13 -1 -12 -11
right_child=2 -3 -4 -5 -6 -7 9 8 -10 10 12 -13 -14 -15
leaf_value=0.0046077119128597657 0.083029508901028781 -0.088137879993583884 -0.083742697144223277 -0.056207897575497157 0.06634753113262426 -0.08600462724626258 -0.078873440788360782 -0.090811488297478191 -0.018653901550251314 0.030871301396414159 -0.021257686411715139 0.11650946365877431 0.063693212728077611 -0.16010753789152818
leaf_weight=163.4441799223423 16.734047079458836 8.010244829580186 2.3873101398348799 15.879581665620206 17.97602865472436 6.1586036123335353 11.870866868644951 29.04297780431807 80.721305053681135 156.89828343689442 79.461662797257304 5.1178878843784323 8.1973905600607377 1.4671044796705235
leaf_count=672 559 180 87 254 393 82 90 601 449 974 577 21 72 14
internal_value=-5.71358e-05 -0.00209496 0.0622079 -0.000898882 0.000668486 -0.00150831 -0.00053785 -0.0100379 -0.0377464 0.00971484 0.0139893 0.00800528 -0.0133135 0.0291021
internal_weight=603.367 584.246 19.1214 576.236 560.356 542.38 536.222 278.326 109.764 257.895 246.024 168.562 87.6591 158.365
internal_count=5025 4379 646 4199 3945 3552 3470 1743 1050 1727 1637 693 649 988
is_linear=0
shrinkage=0.08


Tree=41
num_leaves=15
num_cat=0
split_feature=9 15 16 13 6 1 12 1 4 1 1 0 14 1
split_gain=11.3321 8.73158 8.06911 8.91809 9.5558 10.6497 6.7179 6.57707 8.36258 5.70987 5.69316 6.72223 6.01491 5.86268
threshold=0.7250000000000002 1.0000000180025095e-35 1.0000000180025095e-35 1.0000000180025095e-35 0.29165000000000002 5.5000000000000009 2.5000000000000004 15.500000000000002 1.0000000180025095e-35 7.5000000000000009 18.500000000000004 2.5000000000000004 1.0000000180025095e-35 10.500000000000002
decision_type=2 2 2 2 2 2 2 2 2 2 2 2 2 2
left_child=1 2 3 6 5 -5 -1 -4 -9 -8 11 12 13 -7
right_child=-2 -3 7 4 -6 10 9 8 -10 -11 -12 -13 -14 -15
leaf_value=0.0024979348302248761 0.088141716356659308 -0.08753489489096046 0.089360761166018959 -0.071008521058397445 -0.07960498666281654 -0.051823164348674247 -0.13398300001975894 -0.12392591000396427 0.08427277708967354 0.10298315336504198 -0.11115106540160982 0.090340282737099639 0.011888744120787957 0.011541287137580562
leaf_weight=417.39055500552058 9.1791533902287465 7.4432542938739052 11.198872717097403 17.005063561722636 15.090755010023711 25.138689633458853 0.72172017395496268 2.5085938274860373 2.4314410332590342 6.6206482443958521 3.0198407918214789 5.046616129577159 59.178969645872712 14.874657234176992
leaf_count=2903 230 180 222 177 272 256 3 12 69 128 42 51 330 150
internal_value=-6.04209e-05 -0.0014381 -0.000333635 -0.0019294 -0.0194904 -0.01219 0.00383236 0.0554414 -0.0214524 0.0796905 -0.00286481 0.000272284 -0.00431011 -0.0282679
internal_weight=596.849 587.67 580.226 564.088 139.355 124.264 424.733 16.1389 4.94003 7.34237 107.259 104.239 99.1923 40.0133
internal_count=5025 4795 4615 4312 1278 1006 3034 303 81 131 829 787 736 406
is_linear=0
shrinkage=0.08


Tree=42
num_leaves=15
num_cat=0
split_feature=9 15 16 14 13 8 1 1 17 1 4 1 9 18
split_gain=10.3925 8.018 7.34401 7.7356 7.26595 8.77844 6.97766 7.18863 9.65447 6.03524 7.49759 5.93245 7.0732 5.65865
threshold=0.7250000000000002 1.0000000180025095e-35 1.0000000180025095e-35 1.0000000180025095e-35 1.0000000180025095e-35 1.0000000180025095e-35 15.500000000000002 4.5000000000000009 1.0000000180025095e-35 15.500000000000002 1.0000000180025095e-35 4.5000000000000009 1.0000000180025095e-35 1.0000000180025095e-35
decision_type=2 2 2 2 2 2 2 2 2 2 2 2 2 2
left_child=1 2 3 4 5 11 7 8 -5 -4 -11 12 -1 -13
right_child=-2 -3 9 6 -6 -7 -8 -9 -10 10 -12 13 -14 -15
leaf_value=0.10956441835646005 0.08768757701759676 -0.0869756795429278 0.088635291996402701 -0.042528415293458237 -0.034875335055742342 0.050140383507394859 -0.01784179773618141 0.018851937312117401 0.13427868546634389 -0.11917889648844857 0.083939028151772579 -0.0099458574783619341 -0.10157377237909845 -0.13598474170997171
leaf_weight=5.0642603263258934 8.5155325923114997 6.9133724085986605 10.41903283074498 22.442918263375763 63.927501536905766 17.499508559703827 55.3733279556036 200.88047750853002 2.1674428135156623 2.4041083306074134 2.253064626827836 190.88666640967131 1.2701419107615937 2.3072863966226569
leaf_count=36 230 180 222 120 825 166 431 1180 9 12 69 1508 22 15
internal_value=-5.29884e-05 -0.00133279 -0.000306463 -0.00178508 -0.0111708 -0.00418843 0.0076037 0.0138523 -0.026957 0.0547946 -0.0209137 -0.0089533 0.0672281 -0.0114511
internal_weight=592.325 583.809 576.896 561.82 280.955 217.028 280.864 225.491 24.6104 15.0762 4.65717 199.528 6.3344 193.194
internal_count=5025 4795 4615 4312 2572 1747 1740 1309 129 303 81 1581 58 1523
is_linear=0
shrinkage=0.08


Tree=43
num_leaves=15
num_cat=0
split_feature=10 17 11 9 0 1 9 8 6 1 18 14 1 0
split_gain=9.89212 7.71936 7.54003 8.01856 9.44289 5.81205 6.90757 5.27852 4.95673 3.8547 3.85079 4.13544 4.50463 12.9174
threshold=0.68500000000000016 1.0000000180025095e-35 1.0000000180025095e-35 1.0000000180025095e-35 1.5000000000000002 13.500000000000002 0.7250000000000002 1.5000000000000002 0.58335000000000015 25.500000000000004 1.0000000180025095e-35 1.0000000180025095e-35 9.5000000000000018 1.5000000000000002
decision_type=2 2 2 2 2 2 2 2 2 2 2 2 2 2
left_child=2 -2 3 -1 -5 -6 -7 8 9 10 -4 -12 13 -13
right_child=1 -3 7 4 5 6 -8 -9 -10 -11 11 12 -14 -15
leaf_value=0.082340309669505757 0.082584715118972196 -0.083157930684887069 0.0035519476504561904 -0.08246908781076577 0.00016881171003651075 -0.048349933509286361 0.097201659411175034 0.083651851588749854 0.058003906948408235 -0.10905950300047032 -0.1337201644482974 -0.14454393524516101 -0.028559026073186184 0.13703425899505237
leaf_weight=4.7356185521930447 14.168640727177264 2.059888591989874 397.93987519294024 15.265540042892097 61.890718897804618 35.2846490573138 2.2179233208298674 5.1255978271365157 9.8917165044695121 2.0369103103876105 2.0530052930116645 1.4828490614891041 30.181785140186548 3.5128073543310165
leaf_count=174 559 87 1838 613 523 683 28 123 211 11 9 6 145 15
internal_value=-4.38445e-05 0.061547 -0.00179244 -0.0196741 -0.0238875 -0.0148901 -0.0397419 0.00292861 0.00200319 0.000736183 0.00125011 -0.0233533 -0.0169121 0.0534541
internal_weight=587.848 16.2285 571.619 119.394 114.659 99.3933 37.5026 452.225 447.099 437.207 435.17 37.2304 35.1774 4.99566
internal_count=5025 646 4379 2021 1847 1234 711 2358 2235 2024 2013 175 166 21
is_linear=0
shrinkage=0.08


Tree=44
num_leaves=15
num_cat=0
split_feature=10 15 17 10 10 1 1 9 0 0 1 17 17 1
split_gain=9.08912 7.14458 7.10724 6.15197 9.72276 5.54779 6.54232 18.8141 15.3192 13.2345 11.9695 8.02694 7.22154 7.00163
threshold=0.68500000000000016 1.0000000180025095e-35 1.0000000180025095e-35 0.67500000000000016 1.0000000180025095e-35 23.500000000000004 10.500000000000002 1.0000000180025095e-35 1.5000000000000002 1.5000000000000002 15.500000000000002 1.0000000180025095e-35 1.0000000180025095e-35 6.5000000000000009
decision_type=2 2 2 2 2 2 2 2 2 2 2 2 2 2
left_child=1 3 -2 4 5 6 7 11 -9 -8 12 -1 -11 -10
right_child=2 -3 -4 -5 -6 -7 9 8 13 10 -12 -13 -14 -15
leaf_value=0.0046519602369772765 0.082383221521669228 -0.086440475663668637 -0.082916871125722949 -0.051458214990012963 0.062339698276845795 -0.081175881053664925 -0.074747465840058952 -0.089958555350430652 -0.11731515493439633 0.027788359851986782 -0.011086889851589985 0.10754577707454806 -0.15592953948814334 -0.012710129716506192
leaf_weight=162.54565881192684 13.109994694590565 6.2915019700303665 1.9068207135424025 14.884948031976817 15.885265175253151 5.4905771110206834 11.543643545359371 25.109426202252507 4.3288150131702414 154.20726159214973 85.615708906203508 5.0016512274742118 1.3815938644111145 75.879375077784061
leaf_count=672 559 180 87 254 393 82 90 601 22 974 649 21 14 427
internal_value=-3.88029e-05 -0.00166248 0.0613936 -0.000713193 0.000667707 -0.0011769 -0.000341224 -0.00893122 -0.0354269 0.00893247 0.0129372 0.00772356 0.026157 -0.0183556
internal_weight=583.182 568.165 15.0168 561.874 546.989 531.104 525.613 272.865 105.318 252.748 241.205 167.547 155.589 80.2082
internal_count=5025 4379 646 4199 3945 3552 3470 1743 1050 1727 1637 693 988 449
is_linear=0
shrinkage=0.08


Tree=45
num_leaves=15
num_cat=0
split_feature=9 15 16 13 6 1 6 5 1 4 14 1 0 14
split_gain=8.55559 6.63269 6.21768 6.42376 7.92387 8.95116 5.61517 7.4207 5.42205 6.32152 5.29943 5.01053 5.86884 4.5633
threshold=0.7250000000000002 1.0000000180025095e-35 1.0000000180025095e-35 1.0000000180025095e-35 0.29165000000000002 5.5000000000000009 0.87500000000000011 1.0000000180025095e-35 15.500000000000002 1.0000000180025095e-35 1.0000000180025095e-35 18.500000000000004 2.5000000000000004 1.0000000180025095e-35
decision_type=2 2 2 2 2 2 2 2 2 2 2 2 2 2
left_child=1 2 3 6 5 -5 7 13 -4 -10 -6 12 -7 -1
right_child=-2 -3 8 4 10 11 -8 -9 9 -11 -12 -13 -14 -15
leaf_value=-0.0062640931009124391 0.087124829899988432 -0.085959622915531192 0.087929612229271412 -0.06613849964407173 -0.06384803175830886 -0.0030304606504986619 0.03927291774491895 -0.077240252968281478 -0.11396712738222159 0.083755915395903491 -0.31272681504163263 -0.10843530467039117 0.088492885118727577 0.011181581698809886
leaf_weight=191.33676166459918 7.1172065995633593 5.8389571188017717 9.2023298405110818 15.885898710228501 13.274862993508574 96.752540053799748 26.076721364632249 7.6202400587499133 2.2278893440961829 1.9325629863888023 0.57112008333206254 2.7393293771892777 4.7019443176686755 192.50056971609592
leaf_count=1313 230 180 222 177 269 736 583 81 12 69 3 42 51 1057
internal_value=-4.55006e-05 -0.00113268 -0.000255762 -0.00156235 -0.0168079 -0.0102001 0.0033277 0.000933231 0.0536651 -0.0221232 -0.0741138 -0.00167146 0.00121122 0.00248519
internal_weight=577.779 570.662 564.823 551.46 133.926 120.08 417.534 391.458 13.3628 4.16045 13.846 104.194 101.454 383.837
internal_count=5025 4795 4615 4312 1278 1006 3034 2451 303 81 272 829 787 2370
is_linear=0
shrinkage=0.08


Tree=46
num_leaves=15
num_cat=0
split_feature=10 17 11 9 0 1 9 8 6 18 4 1 1 1
split_gain=7.87486 6.35324 6.07886 6.40782 8.24649 5.20932 7.08436 4.70832 4.09481 3.52827 3.6453 3.862 11.9215 6.14069
threshold=0.68500000000000016 1.0000000180025095e-35 1.0000000180025095e-35 1.0000000180025095e-35 1.5000000000000002 16.500000000000004 0.7250000000000002 1.5000000000000002 0.58335000000000015 1.0000000180025095e-35 1.0000000180025095e-35 8.5000000000000018 9.5000000000000018 10.500000000000002
decision_type=2 2 2 2 2 2 2 2 2 2 2 2 2 2
left_child=2 -2 3 -1 -5 -6 -7 8 9 -4 11 -11 -13 -14
right_child=1 -3 7 4 5 6 -8 -9 -10 10 -12 12 13 -15
leaf_value=0.081944309938765142 0.082143819364281306 -0.082589063946691077 0.0029775505848184253 -0.082081190852640193 -0.0051118482243129827 -0.071725320918413729 0.096895925833134652 0.083251389068220036 0.055655021072805011 -0.13234270150590766 0.098003779382393838 0.13276330409402062 -0.10648380619294576 -0.017818124474869679
leaf_weight=3.9607907487079492 11.572859890758988 1.7212022431194789 396.53895610570908 12.761138208210467 79.816639026626945 15.145200228318572 1.7822678666561849 4.5981582552194586 8.8802988231182081 2.1384299397468558 1.5297063030302513 2.9263480156660071 6.3186866044998196 23.936108827590942
leaf_count=174 559 87 1849 613 844 365 25 123 211 9 15 12 28 111
internal_value=-3.86477e-05 0.0608156 -0.00148243 -0.0180186 -0.0216342 -0.0136609 -0.0539714 0.00271634 0.00187903 0.00077714 -0.0229017 -0.0281382 -0.0214225 -0.0363359
internal_weight=573.627 13.2941 560.333 113.466 109.505 96.7441 16.9275 446.867 442.269 433.388 36.8493 35.3196 33.1811 30.2548
internal_count=5025 646 4379 2021 1847 1234 390 2358 2235 2024 175 160 151 139
is_linear=0
shrinkage=0.08


Tree=47
num_leaves=15
num_cat=0
split_feature=9 15 16 14 6 13 8 1 9 1 1 5 1 1
split_gain=7.28553 5.99357 5.5406 5.59503 5.82634 5.01863 7.21848 5.25276 5.64769 5.01283 15.9875 4.90622 5.55906 6.40186
threshold=0.7250000000000002 1.0000000180025095e-35 1.0000000180025095e-35 1.0000000180025095e-35 0.87500000000000011 1.0000000180025095e-35 1.0000000180025095e-35 4.5000000000000009 1.0000000180025095e-35 12.500000000000002 13.500000000000002 1.0000000180025095e-35 15.500000000000002 4.5000000000000009
decision_type=2 2 2 2 2 2 2 2 2 2 2 2 2 2
left_child=1 2 3 5 11 6 7 8 -1 -8 -11 12 13 -5
right_child=-2 -3 -4 4 -6 -7 9 -9 -10 10 -12 -13 -14 -15
leaf_value=0.10186303386334379 0.0863671010947685 -0.085509252863270074 0.053139261386782176 -0.026576548605446299 0.088485832919908816 -0.029964535792044993 0.091463630669920221 -0.010402770329110725 -0.10280529227838239 -0.24340961134262848 0.053251127266347897 -0.063422122412335719 -0.016198423084840517 0.017576345103098065
leaf_weight=4.910682313144207 6.1781354313716283 5.3181099463254204 12.201619274914263 23.694047190248966 5.4573790822178116 59.973907937295735 8.1944413408637065 187.61822795122862 1.0468188039958466 1.3983335830271224 6.897361708804965 6.5455318950116625 53.990543218329549 186.00564993172884
leaf_count=36 230 180 303 114 157 825 70 1523 22 15 81 73 417 979
internal_value=-3.47667e-05 -0.000982481 -0.00017679 -0.00136884 0.00664797 -0.00955349 -0.00372613 -0.00805447 0.0658999 0.0470838 0.00324559 0.00499527 0.00669358 0.0125875
internal_weight=569.431 563.253 557.935 545.733 275.693 270.04 210.066 193.576 5.9575 16.4901 8.2957 270.236 263.69 209.7
internal_count=5025 4795 4615 4312 1740 2572 1747 1581 58 166 96 1583 1510 1093
is_linear=0
shrinkage=0.08


Tree=48
num_leaves=15
num_cat=0
split_feature=10 17 15 10 10 1 1 9 0 0 1 17 17 1
split_gain=6.93364 5.71294 5.45716 5.22659 7.80111 4.74567 5.20791 16.0746 13.8633 11.3325 9.43332 7.01752 6.35113 6.26655
threshold=0.68500000000000016 1.0000000180025095e-35 1.0000000180025095e-35 0.67500000000000016 1.0000000180025095e-35 23.500000000000004 10.500000000000002 1.0000000180025095e-35 1.5000000000000002 1.5000000000000002 15.500000000000002 1.0000000180025095e-35 1.0000000180025095e-35 6.5000000000000009
decision_type=2 2 2 2 2 2 2 2 2 2 2 2 2 2
left_child=2 -2 3 4 5 6 7 11 -9 -8 12 -1 -11 -10
right_child=1 -3 -4 -5 -6 -7 9 8 13 10 -12 -13 -14 -15
leaf_value=0.0044995422629011336 0.081948182556498342 -0.082333449072511944 -0.085096045588858651 -0.048947499898595266 0.059765019283617313 -0.078319773662592504 -0.070393358698664088 -0.089289453844448488 -0.11329775226649799 0.025263087352355267 -0.0095805944953160724 0.10124437279014657 -0.15161522008828127 -0.012126235384412256
leaf_weight=161.65464766323566 10.334738573990759 1.5591408628970391 4.9321043500676742 13.928776755928991 13.934445355087517 5.0169665105640879 11.211796294897793 21.977489970624447 4.1352525725960723 151.74966040253639 84.272777706384659 4.9453221559524527 1.310437375679611 74.666516564786434
leaf_count=672 559 87 180 254 393 82 90 601 22 974 649 21 14 427
internal_value=-2.2892e-05 0.0604129 -0.00132101 -0.000568125 0.00069173 -0.000888398 -0.000135437 -0.00788483 -0.033105 0.0082012 0.0119141 0.0073713 0.0237487 -0.0174354
internal_weight=565.63 11.8939 553.736 548.804 534.875 520.941 515.924 267.379 100.779 248.545 237.333 166.6 153.06 78.8018
internal_count=5025 646 4379 4199 3945 3552 3470 1743 1050 1727 1637 693 988 449
is_linear=0
shrinkage=0.08


Tree=49
num_leaves=15
num_cat=0
split_feature=9 15 16 1 4 11 18 0 4 1 5 14 10 1
split_gain=6.51941 5.06162 4.64252 5.13599 5.39841 4.79755 6.44406 5.3387 5.31778 6.40362 4.8613 4.67342 4.96935 9.84469
threshold=0.7250000000000002 1.0000000180025095e-35 1.0000000180025095e-35 15.500000000000002 1.0000000180025095e-35 1.0000000180025095e-35 1.0000000180025095e-35 2.5000000000000004 1.0000000180025095e-35 13.500000000000002 1.0000000180025095e-35 1.0000000180025095e-35 0.67500000000000016 15.500000000000002
decision_type=2 2 2 2 2 2 2 2 2 2 2 2 2 2
left_child=1 2 5 -4 -5 6 7 11 9 10 -8 12 13 -1
right_child=-2 -3 3 4 -6 -7 8 -9 -10 -11 -12 -13 -14 -15
leaf_value=-0.015596365330883469 0.086321201258201655 -0.084713310625400662 0.086941907429762696 -0.11172353030381386 0.083520944662486732 0.0024067895072445323 0.044658174246623814 -0.10119487075926825 0.089916396013893105 -0.083220427915748782 -0.083984272850139916 -0.087871292486203123 -0.059971935758682565 0.10573743995576282
leaf_weight=48.907635626383126 5.5403527133166781 4.5726411622017613 7.7960349256172758 2.1025455370545392 1.5930379275232551 435.9481136854738 12.453204378485685 5.8856689883396021 5.3090847339481106 4.5694510266184798 2.2143130563199511 6.2965494599193326 13.083361494354902 4.6901699025183907
leaf_count=869 230 180 222 12 69 2316 59 119 154 127 49 174 361 84
internal_value=-3.03598e-05 -0.00089172 -0.00019591 0.0501192 -0.0275604 -0.00126793 -0.0167596 -0.0279011 0.0190365 -0.000525123 0.0252374 -0.0219899 -0.0157689 -0.00497884
internal_weight=560.962 555.422 550.849 11.4916 3.69558 539.358 103.409 78.8634 24.5461 19.237 14.6675 72.9777 66.6812 53.5978
internal_count=5025 4795 4615 303 81 4312 1996 1607 389 235 108 1488 1314 953
is_linear=0
shrinkage=0.08


end of trees

feature_importances:
Column_1=146
Column_0=63
Column_10=57
Column_17=54
Column_6=48
Column_11=45
Column_9=43
Column_16=42
Column_8=35
Column_15=33
Column_4=26
Column_7=26
Column_14=25
Column_13=22
Column_18=20
Column_5=14
Column_12=1

parameters:
[boosting: gbdt]
[objective: binary]
[metric: binary_logloss]
[tree_learner: serial]
[device_type: cpu]
[data_sample_strategy: bagging]
[data: ]
[valid: ]
[num_iterations: 150]
[learning_rate: 0.08]
[num_leaves: 15]
[num_threads: 0]
[seed: 0]
[deterministic: 0]
[force_col_wise: 0]
[force_row_wise: 0]
[histogram_pool_size: -1]
[max_depth: -1]
[min_data_in_leaf: 5]
[min_sum_hessian_in_leaf: 0.001]
[bagging_fraction: 1]
[pos_bagging_fraction: 1]
[neg_bagging_fraction: 1]
[bagging_freq: 0]
[bagging_seed: 3]
[bagging_by_query: 0]
[feature_fraction: 1]
[feature_fraction_bynode: 1]
[feature_fraction_seed: 2]
[extra_trees: 0]
[extra_seed: 6]
[early_stopping_round: 0]
[early_stopping_min_delta: 0]
[first_metric_only: 0]
[max_delta_step: 0]
[lambda_l1: 0]
[lambda_l2: 0]
[linear_lambda: 0]
[min_gain_to_split: 0]
[drop_rate: 0.1]
[max_drop: 50]
[skip_drop: 0.5]
[xgboost_dart_mode: 0]
[uniform_drop: 0]
[drop_seed: 4]
[top_rate: 0.2]
[other_rate: 0.1]
[min_data_per_group: 100]
[max_cat_threshold: 32]
[cat_l2: 10]
[cat_smooth: 10]
[max_cat_to_onehot: 4]
[top_k: 20]
[monotone_constraints: ]
[monotone_constraints_method: basic]
[monotone_penalty: 0]
[feature_contri: ]
[forcedsplits_filename: ]
[refit_decay_rate: 0.9]
[cegb_tradeoff: 1]
[cegb_penalty_split: 0]
[cegb_penalty_feature_lazy: ]
[cegb_penalty_feature_coupled: ]
[path_smooth: 0]
[interaction_constraints: ]
[verbosity: -1]
[saved_feature_importance_type: 0]
[use_quantized_grad: 0]
[num_grad_quant_bins: 4]
[quant_train_renew_leaf: 0]
[stochastic_rounding: 1]
[linear_tree: 0]
[max_bin: 255]
[max_bin_by_feature: ]
[min_data_in_bin: 3]
[bin_construct_sample_cnt: 200000]
[data_random_seed: 1]
[is_enable_sparse: 1]
[enable_bundle: 1]
[use_missing: 1]
[zero_as_missing: 0]
[feature_pre_filter: 0]
[pre_partition: 0]
[two_round: 0]
[header: 0]
[label_column: ]
[weight_column: ]
[group_column: ]
[ignore_column: ]
[categorical_feature: ]
[forcedbins_filename: ]
[precise_float_parser: 0]
[parser_config_file: ]
[objective_seed: 5]
[num_class: 1]
[is_unbalance: 0]
[scale_pos_weight: 1]
[sigmoid: 1]
[boost_from_average: 1]
[reg_sqrt: 0]
[alpha: 0.9]
[fair_c: 1]
[poisson_max_delta_step: 0.7]
[tweedie_variance_power: 1.5]
[lambdarank_truncation_level: 30]
[lambdarank_norm: 1]
[label_gain: ]
[lambdarank_position_bias_regularization: 0]
[eval_at: ]
[multi_error_top_k: 1]
[auc_mu_weights: ]
[num_machines: 1]
[local_listen_port: 12400]
[time_out: 120]
[machine_list_filename: ]
[machines: ]
[gpu_platform_id: -1]
[gpu_device_id: -1]
[gpu_device_id_list: ]
[gpu_use_dp: 0]
[num_gpu: 1]

end of parameters

pandas_categorical:null
