tree
version=v4
num_class=1
num_tree_per_iteration=1
label_index=0
max_feature_idx=15
objective=binary sigmoid:1
feature_names=Column_0 Column_1 Column_2 Column_3 Column_4 Column_5 Column_6 Column_7 Column_8 Column_9 Column_10 Column_11 Column_12 Column_13 Column_14 Column_15
feature_infos=[1:7] [3:54] [0:1] [0:1] [0:3] [0:3] [0:2] [0.5:1] [0:1] [0:0.90000000000000002] [0:0.84999999999999998] [0:0.5] [1:3] [0:1] [0:1] [0:1]
tree_sizes=1699 1709 1711 1702 1698 1710 1726 1724 1703 1719 1717 1717 1717 1716 1730 1723 1719 1731 1728 1719 1730 1736 1724 1735 1729 1737 1719 1724 1730 1738 1738 1728 1731 1743 1734 1738 1747 1755 1733 1741 1745 1739 1735 1744 1748 1744 1739 1750 1748

Tree=0
num_leaves=15
num_cat=0
split_feature=6 7 11 1 10 0 13 0 4 0 1 5 10 10
split_gain=1280.9 139.045 107.53 144.138 59.8393 50.125 36.5984 19.1876 13.9221 13.1774 9.35529 6.87983 12.0057 5.74558
threshold=0.58335000000000015 0.87500000000000011 1.0000000180025095e-35 10.500000000000002 1.0000000180025095e-35 1.5000000000000002 1.0000000180025095e-35 3.5000000000000004 1.0000000180025095e-35 1.5000000000000002 15.500000000000002 1.0000000180025095e-35 1.0000000180025095e-35 1.0000000180025095e-35
decision_type=2 2 2 2 2 2 2 2 2 2 2 2 2 2
left_child=1 -1 -3 13 5 -2 9 8 -7 -5 11 -11 -13 -4
right_child=4 2 3 6 -6 7 -8 -9 -10 10 -12 12 -14 -15
leaf_value=0.18267157127960496 -0.12001731449078434 -0.10582877297029733 -0.12001731449078434 -0.12001731449078434 0.19373135749044609 -0.12001731449078434 -0.12001731449078434 -0.088002143880454714 0.15223767967579838 0.1672983191916611 -0.013300079123018879 -0.12001731449078432 0.2001343916125119 0.040058538560863839
leaf_weight=13.743484467267988 6.2470383942127219 219.89575147628784 33.484125792980194 1.2494076788425434 212.39930540323257 1.2494076788425434 3.9981045722961417 2.4988153576850882 31.734955042600632 29.236139684915543 2.2489338219165793 1.4992892146110526 1.4992892146110535 1.4992892146110524
leaf_count=55 25 880 134 5 850 5 16 10 127 117 9 6 6 6
internal_value=0.0435431 -0.0660533 -0.0776563 0.00525944 0.176524 0.088944 0.109525 0.125733 0.141925 0.135209 0.144456 0.155462 0.0400585 -0.113157
internal_weight=562.483 308.354 294.61 74.7146 254.13 41.7302 39.7312 35.4832 32.9844 35.7331 34.4837 32.2347 2.99858 34.9834
internal_count=2251 1234 1179 299 1017 167 159 142 132 143 138 129 12 140
is_linear=0
shrinkage=1


Tree=1
num_leaves=15
num_cat=0
split_feature=6 7 11 1 10 0 13 0 4 0 1 5 10 5
split_gain=1090.91 118.126 90.972 122.435 51.4977 42.6077 31.1356 16.3152 11.8426 11.2148 7.98689 5.86267 10.2284 5.39017
threshold=0.58335000000000015 0.87500000000000011 1.0000000180025095e-35 10.500000000000002 1.0000000180025095e-35 1.5000000000000002 1.0000000180025095e-35 3.5000000000000004 1.0000000180025095e-35 1.5000000000000002 15.500000000000002 1.0000000180025095e-35 1.0000000180025095e-35 1.0000000180025095e-35
decision_type=2 2 2 2 2 2 2 2 2 2 2 2 2 2
left_child=1 13 -3 -4 5 -2 9 8 -7 -5 11 -11 -13 -1
right_child=4 2 3 6 -6 7 -8 -9 -10 10 -12 12 -14 -15
leaf_value=0.14664334259264214 -0.15095241385312927 -0.13774473836322332 -0.14460099610681545 -0.15095241385312927 0.13945008950243959 -0.15095241385312927 -0.15095241385312927 -0.12119871845404202 0.10055079512392859 0.11462507713992195 -0.052271649771777631 -0.15095241385312924 0.14548965875638967 -0.014695137904238771
leaf_weight=12.148373112082478 6.2275473028421393 219.38515663146973 34.879051923751831 1.2455094605684269 210.5185329914093 1.2455094605684269 3.9856302738189688 2.4951660633087149 31.566746741533279 29.046283006668091 2.2499004900455466 1.4946113526821128 1.4850794970989227 1.4875558912754065
leaf_count=49 25 880 140 5 850 5 16 10 127 117 9 6 6 6
internal_value=1.77782e-05 -0.101138 -0.111822 -0.0353685 0.123388 0.0419785 0.0610682 0.0760078 0.0910041 0.0848577 0.0934265 0.103662 -0.00320553 0.129043
internal_weight=559.461 307.407 293.771 74.3861 252.054 41.535 39.507 35.3074 32.8123 35.5214 34.2759 32.026 2.97969 13.6359
internal_count=2251 1234 1179 299 1017 167 159 142 132 143 138 129 12 55
is_linear=0
shrinkage=0.08


Tree=2
num_leaves=15
num_cat=0
split_feature=6 7 11 1 10 0 13 0 4 0 1 10 5 10
split_gain=938.365 101.388 77.8827 105.122 45.0273 36.5491 26.7364 13.9585 10.1469 9.62737 6.87731 5.01563 5.01114 8.81843
threshold=0.58335000000000015 0.87500000000000011 1.0000000180025095e-35 10.500000000000002 1.0000000180025095e-35 1.5000000000000002 1.0000000180025095e-35 3.5000000000000004 1.0000000180025095e-35 1.5000000000000002 15.500000000000002 1.0000000180025095e-35 1.0000000180025095e-35 1.0000000180025095e-35
decision_type=2 2 2 2 2 2 2 2 2 2 2 2 2 2
left_child=1 -1 -3 11 5 -2 9 8 -7 -5 12 -4 -11 -14
right_child=4 2 3 6 -6 7 -8 -9 -10 10 -12 -13 13 -15
leaf_value=0.12077951600554583 -0.14101116488873508 -0.12831254870243 -0.14139990912792469 -0.14101116488873508 0.13075194574931215 -0.14101116488873508 -0.14101116488873508 -0.11254717934932504 0.093487665406466441 0.10686952841447893 -0.048141182596578576 0.0083786404999109769 -0.14101116488873505 0.13662228209645214
leaf_weight=13.41325783729553 6.1366636306047431 216.76895141601562 32.920335859060287 1.2273327261209477 206.71002268791199 1.2273327261209477 3.9274647235870352 2.4728451669216147 31.24813050031662 28.676409602165226 2.2475831955671302 1.4959090054035176 1.4727992713451377 1.4560809731483459
leaf_count=55 25 880 134 5 850 5 16 10 127 117 9 6 6 6
internal_value=3.01185e-05 -0.0942528 -0.104192 -0.032981 0.115548 0.0390556 0.0569324 0.070674 0.0846253 0.0790935 0.0870734 -0.13489 0.0966891 -0.00298682
internal_weight=551.401 303.606 290.193 73.4239 247.795 41.085 39.0077 34.9483 32.4755 35.0802 33.8529 34.4162 31.6053 2.92888
internal_count=2251 1234 1179 299 1017 167 159 142 132 143 138 140 129 12
is_linear=0
shrinkage=0.08


Tree=3
num_leaves=15
num_cat=0
split_feature=6 7 11 1 10 1 13 5 6 0 1 0 5 10
split_gain=813.527 87.7024 67.251 91.1047 39.8726 31.6802 23.1278 13.5651 13.611 8.32092 5.96227 5.54611 4.86142 4.44268
threshold=0.58335000000000015 0.87500000000000011 1.0000000180025095e-35 10.500000000000002 1.0000000180025095e-35 10.500000000000002 1.0000000180025095e-35 1.5000000000000002 1.4166500000000002 1.5000000000000002 15.500000000000002 3.5000000000000004 1.0000000180025095e-35 1.0000000180025095e-35
decision_type=2 2 2 2 2 2 2 2 2 2 2 2 2 2
left_child=1 12 -3 13 5 -2 9 11 -9 -5 -11 -7 -1 -4
right_child=4 2 3 6 -6 7 -8 8 -10 10 -12 -13 -14 -15
leaf_value=0.13100543765747022 -0.11251509496037743 -0.12047679963183811 -0.13330384067157031 -0.13298695653363249 0.12355383378299926 0.10237238170280399 -0.13298695653363249 -0.12040126412460957 0.13658537136551979 0.090681479726543487 -0.044389280821850917 -0.072319778412719887 -0.023422832278236407 0.0077049678737429652
leaf_weight=11.649945378303524 7.4480434060096732 212.5654935836792 32.156441062688828 1.198424994945525 201.46369487047195 25.721225619316105 3.8349599838256827 4.115196004509925 1.9412245750427244 31.026077941060066 2.2427422106266013 1.2181995064020146 1.4691619277000434 1.4965375363826741
leaf_count=49 31 880 134 5 850 106 16 17 8 129 9 5 6 6
internal_value=3.78202e-05 -0.0885228 -0.0978477 -0.0309982 0.109002 0.0365122 0.0533798 0.0701516 -0.038031 0.0741156 0.081576 0.0944728 0.113712 -0.127033
internal_weight=539.547 297.64 284.521 71.9552 241.908 40.4439 38.3022 32.9958 6.05642 34.4672 33.2688 26.9394 13.1191 33.653
internal_count=2251 1234 1179 299 1017 167 159 136 25 143 138 111 55 140
is_linear=0
shrinkage=0.08


Tree=4
num_leaves=15
num_cat=0
split_feature=6 7 11 1 10 0 13 5 6 0 1 2 0 1
split_gain=709.587 76.3501 58.6455 79.4857 35.7118 27.9361 20.0688 10.7875 11.7168 7.20684 5.16433 5.00594 18.9125 5.23768
threshold=0.58335000000000015 0.87500000000000011 1.0000000180025095e-35 10.500000000000002 1.0000000180025095e-35 1.5000000000000002 1.0000000180025095e-35 1.5000000000000002 1.4166500000000002 1.5000000000000002 15.500000000000002 1.0000000180025095e-35 2.5000000000000004 11.500000000000002
decision_type=2 2 2 2 2 2 2 2 2 2 2 2 2 2
left_child=1 -1 -3 -4 5 -2 9 11 -9 -5 -11 12 13 -7
right_child=4 2 3 6 -6 7 -8 8 -10 10 -12 -13 -14 -15
leaf_value=0.10783339670881685 -0.12734828724640321 -0.11383563046458697 -0.12052392514789687 -0.12638883755846669 0.11748946761836372 -0.00030166906834547919 -0.12638883755846669 -0.11164222113712689 0.12936122618767587 0.084994490889485769 -0.040966374252433005 0.13292544827764627 -0.11289779115204118 0.11862091501998499
leaf_weight=12.745303854346274 5.8391287922859183 207.1876072883606 32.674453288316727 1.1615984886884678 195.16975060105324 2.906673431396487 3.7171151638030997 4.0841616243123999 1.887807250022888 30.476550489664078 2.2359979301691046 8.8024190515279788 3.3404604494571677 12.842818289995192
leaf_count=55 25 880 140 5 850 12 16 17 8 129 9 37 14 54
internal_value=4.4991e-05 -0.0836217 -0.0924165 -0.0292594 0.10342 0.0342571 0.0500681 0.0621223 -0.0354583 0.0694313 0.0763847 0.083015 0.0600012 0.096673
internal_weight=525.072 290.199 277.453 70.2657 234.873 39.7035 37.5913 33.8643 5.97197 33.8741 32.7125 27.8924 19.09 15.7495
internal_count=2251 1234 1179 299 1017 167 159 142 25 143 138 117 80 66
is_linear=0
shrinkage=0.08


Tree=5
num_leaves=15
num_cat=0
split_feature=6 7 11 1 10 0 13 5 6 0 0 6 1 1
split_gain=622.177 66.7567 51.519 69.6548 32.1008 24.4209 17.4896 9.36161 10.1518 6.26593 4.65218 12.6311 9.72149 4.71823
threshold=0.58335000000000015 0.87500000000000011 1.0000000180025095e-35 10.500000000000002 1.0000000180025095e-35 1.5000000000000002 1.0000000180025095e-35 1.5000000000000002 1.4166500000000002 1.5000000000000002 1.5000000000000002 1.0000000180025095e-35 14.500000000000002 13.500000000000002
decision_type=2 2 2 2 2 2 2 2 2 2 2 2 2 2
left_child=1 -1 10 -4 5 -2 9 -7 -9 -5 -3 12 13 -12
right_child=4 2 3 6 -6 7 -8 8 -10 -11 11 -13 -14 -15
leaf_value=0.10249010505801633 -0.12168671003202183 -0.12363362597407987 -0.11486290608606695 -0.12088118087312773 0.11230093216401774 0.078232820004029854 -0.12088118087312773 -0.10409320509936572 0.12337156467194478 0.071690460037490314 -0.058403582464305492 -0.12363362597407987 -0.1133304055939957 0.026499013850004027
leaf_weight=12.353119999170302 5.6304268538951865 76.503778919577599 31.586458832025528 1.1190927028655995 188.1396971642971 27.271415561437607 3.581096649169921 4.0320041924715033 1.823706269264221 32.094238668680191 33.113575950264931 63.258348539471626 23.293687909841537 4.7957592755556098
leaf_count=55 25 335 140 5 850 117 16 17 8 138 145 277 102 21
internal_value=5.21443e-05 -0.0793591 -0.0876994 -0.0277187 0.0986434 0.0323462 0.047091 0.0585263 -0.0332514 0.0652019 -0.108109 -0.0985656 -0.0726558 -0.0476629
internal_weight=508.596 281.699 269.346 68.3809 226.897 38.7576 36.7944 33.1271 5.85571 33.2133 200.965 124.461 61.203 37.9093
internal_count=2251 1234 1179 299 1017 167 159 142 25 143 880 545 268 166
is_linear=0
shrinkage=0.08


Tree=6
num_leaves=15
num_cat=0
split_feature=6 7 11 1 10 1 14 0 4 5 5 10 0 6
split_gain=547.603 58.5991 45.6182 61.2895 29.2311 21.4232 15.4844 9.19589 6.3315 5.2762 4.73738 4.45907 4.40463 11.8189
threshold=0.58335000000000015 0.87500000000000011 1.0000000180025095e-35 10.500000000000002 1.0000000180025095e-35 10.500000000000002 1.0000000180025095e-35 3.5000000000000004 1.0000000180025095e-35 1.0000000180025095e-35 1.0000000180025095e-35 1.0000000180025095e-35 1.5000000000000002 1.0000000180025095e-35
decision_type=2 2 2 2 2 2 2 2 2 2 2 2 2 2
left_child=1 10 12 11 5 -2 -5 8 -7 -8 -1 -4 -3 -14
right_child=4 2 3 6 -6 7 9 -9 -10 -11 -12 -13 13 -15
leaf_value=0.11625594324068449 -0.097381175842873424 -0.11855919320142676 -0.11686703229268684 -0.051029775970417697 0.1078010528736922 -0.11786052211570544 0.082612440143668545 -0.094125146961029679 0.078705837772182929 -0.055531126809292355 -0.039503746061492893 0.026362883613308363 -0.068471766062129791 -0.11855919320142676
leaf_weight=10.515621080994602 6.8651331067085257 73.517760708928108 28.936696618795398 8.3768680393695814 180.62204122543335 1.0902093350887359 25.755454346537594 2.3272761702537528 27.571889713406563 1.8999884426593769 1.41825619339943 1.4613488316535939 59.821629106998444 60.789312586188316
leaf_count=49 31 335 134 38 850 5 113 10 121 8 6 6 268 277
internal_value=4.8477e-05 -0.0756035 -0.0835431 -0.0263205 0.0944048 0.0304848 0.0442587 0.0588112 0.0712291 0.0731217 0.097745 -0.109981 -0.103125 -0.0937164
internal_weight=490.969 272.493 260.559 66.4304 218.477 37.8545 36.0323 30.9894 28.6621 27.6554 11.9339 30.398 194.129 120.611
internal_count=2251 1234 1179 299 1017 167 159 136 126 121 55 140 880 545
is_linear=0
shrinkage=0.08


Tree=7
num_leaves=15
num_cat=0
split_feature=6 12 7 10 11 1 0 14 2 0 5 0 6 1
split_gain=483.496 52.527 29.8714 26.7843 25.8272 47.8103 19.1413 17.8453 9.07889 28.8468 5.13017 4.25325 11.248 9.15821
threshold=0.58335000000000015 2.5000000000000004 0.87500000000000011 1.0000000180025095e-35 1.0000000180025095e-35 11.500000000000002 1.5000000000000002 1.0000000180025095e-35 1.0000000180025095e-35 2.5000000000000004 1.0000000180025095e-35 1.5000000000000002 1.0000000180025095e-35 14.500000000000002
decision_type=2 2 2 2 2 2 2 2 2 2 2 2 2 2
left_child=1 2 10 6 11 -6 -2 -7 9 -8 -1 -4 13 -13
right_child=3 -3 4 -5 5 7 8 -9 -10 -11 -12 12 -14 -15
leaf_value=0.11227675713803396 -0.11348557008114128 0.10354493374222067 -0.11424824346661869 0.10385031718367951 -0.10479770228694393 -0.099071412184871546 0.081688386914375063 0.070823468759177069 0.12216543769294035 -0.11747094927592652 -0.069555162319744651 -0.040015124569936604 -0.11424824346661869 -0.1054302533643408
leaf_weight=5.9401600509881964 5.2000362426042548 10.447681099176405 70.319217815995216 172.81456217169762 31.420234724879265 4.8184655457735088 16.633384704589847 22.126395136117935 8.6206293106079119 6.4631034433841696 1.1923885345458982 36.520025953650475 58.144547268748283 21.917815178632736
leaf_count=29 25 48 335 850 151 22 75 99 39 28 5 166 277 102
internal_value=4.91173e-05 -0.0722328 -0.0795089 0.0906367 -0.0842022 -0.0377464 0.0287818 0.0404417 0.0521066 0.0259575 0.0818789 -0.0987092 -0.0893365 -0.0645499
internal_weight=472.579 262.847 252.399 209.732 245.267 58.3651 36.9172 26.9449 31.7171 23.0965 7.13255 186.902 116.582 58.4378
internal_count=2251 1234 1186 1017 1152 272 167 121 142 103 34 880 545 268
is_linear=0
shrinkage=0.08


Tree=8
num_leaves=15
num_cat=0
split_feature=6 12 0 6 12 10 0 4 1 1 2 0 13 7
split_gain=428.267 46.3233 26.7888 38.0712 36.2831 24.5222 16.9 11.4661 9.33936 8.213 8.18606 24.8653 6.38664 5.25199
threshold=0.58335000000000015 2.5000000000000004 1.5000000000000002 0.36665000000000009 1.5000000000000002 1.0000000180025095e-35 1.5000000000000002 1.5000000000000002 10.500000000000002 14.500000000000002 1.0000000180025095e-35 2.5000000000000004 1.0000000180025095e-35 0.87500000000000011
decision_type=2 2 2 2 2 2 2 2 2 2 2 2 2 2
left_child=1 2 -1 4 9 6 -2 -5 -6 -4 11 -8 -10 -14
right_child=5 -3 3 7 8 -7 10 -9 12 -11 -12 -13 13 -15
leaf_value=-0.11030852476933206 -0.10989313611716905 0.09863176099895915 -0.037363091017851138 -0.11105152458928656 -0.10953728063687669 0.10034243803551864 0.077249251675970645 0.10884886266440631 0.068310073523131551 -0.099016898850549553 0.11747405181745281 -0.10874162331315328 0.10884886266440616 -0.11114760985432577
leaf_weight=91.652261659502983 4.9506284296512595 10.104837164282797 36.005168482661247 57.978506296873093 2.3632941842079154 164.8738369345665 16.200166404247287 1.5583351850509632 27.399131521582607 22.450310572981834 8.2623466104269045 6.4247872382402411 0.97395949065685306 2.4204419851303092
leaf_count=460 25 48 166 288 12 850 75 8 126 109 39 28 5 12
internal_value=4.93983e-05 -0.0691988 -0.0761835 -0.0554912 -0.0231243 0.0873054 0.027328 -0.105296 0.0437242 -0.0610417 0.0493219 0.0244336 0.0554865 -0.0480238
internal_weight=453.618 252.906 242.801 151.149 91.6123 200.712 35.8379 59.5368 33.1568 58.4555 30.8873 22.625 30.7935 3.3944
internal_count=2251 1234 1186 726 430 1017 167 296 155 275 142 103 143 17
is_linear=0
shrinkage=0.08


Tree=9
num_leaves=15
num_cat=0
split_feature=6 7 11 1 10 1 13 2 0 5 1 0 0 6
split_gain=380.462 41.5485 32.2964 43.7852 22.4984 15.3888 11.1266 6.69807 23.4818 4.7049 4.60747 4.39892 4.09685 10.4476
threshold=0.58335000000000015 0.87500000000000011 1.0000000180025095e-35 10.500000000000002 1.0000000180025095e-35 10.500000000000002 1.0000000180025095e-35 1.0000000180025095e-35 2.5000000000000004 1.0000000180025095e-35 15.500000000000002 1.5000000000000002 1.5000000000000002 1.0000000180025095e-35
decision_type=2 2 2 2 2 2 2 2 2 2 2 2 2 2
left_child=1 -1 12 -4 5 -2 10 8 -7 -10 11 -5 -3 -14
right_child=4 2 3 6 -6 7 -8 -9 9 -11 -12 -13 13 -15
leaf_value=0.088205100405239864 -0.088813649396074126 -0.10735990424234083 -0.10001504328641399 -0.10782545193928382 0.097194820958696693 0.083634157656472502 -0.10786367250323191 0.11345774415154042 0.059857276060375171 -0.13053624973186934 -0.058372199581863259 0.066634533600269844 -0.057611131360406687 -0.10734438359196044
leaf_weight=10.623545303940771 6.1465692967176428 63.615819737315178 26.520570456981659 0.95732133090496674 156.92296624183655 14.311803534626966 3.0654663741588584 7.8858440220355979 0.9824555516242971 5.3764619678258896 2.2428393065929404 27.382953718304634 55.63301882147789 52.587048262357712
leaf_count=55 31 335 140 5 850 69 16 39 4 24 9 129 268 277
internal_value=4.49182e-05 -0.0665022 -0.0735863 -0.0231448 0.084304 0.0260135 0.0374415 0.0507291 0.0267983 -0.10112 0.0520061 0.0607414 -0.0912487 -0.0817779
internal_weight=434.255 242.629 232.005 60.1692 191.626 34.7031 33.6486 28.5566 20.6707 6.35892 30.5831 28.3403 171.836 108.22
internal_count=2251 1234 1179 299 1017 167 159 136 97 28 143 134 880 545
is_linear=0
shrinkage=0.08


Tree=10
num_leaves=15
num_cat=0
split_feature=6 12 0 6 12 10 0 4 1 15 13 2 0 4
split_gain=338.614 38.0127 23.3079 32.5254 27.7567 20.6481 13.5462 9.36723 7.93541 7.7839 7.97665 6.70555 18.8245 4.64498
threshold=0.58335000000000015 2.5000000000000004 1.5000000000000002 0.36665000000000009 1.5000000000000002 1.0000000180025095e-35 1.5000000000000002 1.5000000000000002 14.500000000000002 1.0000000180025095e-35 1.0000000180025095e-35 1.0000000180025095e-35 2.5000000000000004 1.0000000180025095e-35
decision_type=2 2 2 2 2 2 2 2 2 2 2 2 2 2
left_child=1 2 -1 4 8 6 -2 -5 -4 10 -6 12 -8 -12
right_child=5 -3 3 7 9 -7 11 -9 -10 -11 13 -13 -14 -15
leaf_value=-0.10442322728561211 -0.10450609629454137 0.09323442626463288 -0.031009868188763168 -0.10525945529835831 0.063886334828714045 0.0943422059189791 0.069848708234797413 0.10368913877308243 -0.093362527705602966 -0.15707692799901482 -0.10471224413426114 0.10998864911565225 -0.095193130503899465 0.10368913877308232
leaf_weight=82.417770892381668 4.4876702129840842 9.4423823207616788 34.716060668230057 52.319005995988846 26.068884968757636 149.05773028731346 15.30286486446858 1.4101414680480946 20.943454340100288 1.2351809144020069 3.0644753873348232 7.4996099025011054 6.2210607826709738 0.8813384175300597
leaf_count=460 25 48 166 288 127 850 75 8 109 6 17 39 28 5
internal_value=4.39035e-05 -0.0639865 -0.070642 -0.0508453 -0.0205956 0.0815856 0.0248444 -0.0997755 -0.0544718 0.0397417 0.0478413 0.0448448 0.0221467 -0.0581636
internal_weight=415.068 232.499 223.056 140.639 86.9094 182.569 33.5112 53.7291 55.6595 31.2499 30.0147 29.0235 21.5239 3.94581
internal_count=2251 1234 1186 726 430 1017 167 296 275 155 149 142 103 22
is_linear=0
shrinkage=0.08


Tree=11
num_leaves=15
num_cat=0
split_feature=6 12 0 6 12 10 1 2 1 1 2 0 1 13
split_gain=301.911 33.7354 21.9766 30.0308 24.1507 19.0156 12.3834 8.53038 7.36185 6.79263 5.52091 18.0085 4.47007 4.2276
threshold=0.58335000000000015 2.5000000000000004 1.5000000000000002 0.36665000000000009 1.5000000000000002 1.0000000180025095e-35 10.500000000000002 1.0000000180025095e-35 14.500000000000002 10.500000000000002 1.0000000180025095e-35 2.5000000000000004 13.500000000000002 1.0000000180025095e-35
decision_type=2 2 2 2 2 2 2 2 2 2 2 2 2 2
left_child=1 2 -1 4 8 6 -2 -5 12 -6 11 -8 -4 -11
right_child=5 -3 3 7 9 -7 10 -9 -10 13 -12 -13 -14 -15
leaf_value=-0.10200162585750963 -0.083390806964857178 0.089273384985910198 -0.040094870203879689 -0.10246594154784586 -0.1027244891550954 0.091732162288240465 0.076516051846425973 0.10960987919257337 -0.089952370532212653 0.058270575419405661 0.1069692778840879 -0.089074641864924156 0.045712921734102692 -0.043852303576588821
leaf_weight=77.812783047556877 5.6911536306142798 9.0871719717979413 29.809194505214691 49.576741769909859 2.0567191243171719 141.35173112154007 13.417417690157896 1.2443184852600087 20.035956680774689 25.423186838626865 7.1103249788284293 6.1206641346216193 4.4677913635969153 2.8891756981611243
leaf_count=460 31 48 145 289 12 850 69 7 109 126 39 28 21 17
internal_value=3.74457e-05 -0.0616858 -0.0681166 -0.0486581 -0.0194822 0.079071 0.0237309 -0.0972734 -0.0514287 0.0376518 0.0466083 0.0246417 -0.0289104 0.0478493
internal_weight=396.094 222.403 213.316 135.503 84.682 173.691 32.3396 50.8211 54.3129 30.3691 26.6484 19.5381 34.277 28.3124
internal_count=2251 1234 1186 726 430 1017 167 296 275 155 136 97 166 143
is_linear=0
shrinkage=0.08


Tree=12
num_leaves=15
num_cat=0
split_feature=6 7 11 1 10 0 13 2 0 7 0 6 1 1
split_gain=269.491 31.2093 22.9266 31.4739 17.5428 10.9629 7.96283 5.60059 14.2984 9.88626 4.11113 9.80795 7.20975 4.05567
threshold=0.58335000000000015 0.87500000000000011 1.0000000180025095e-35 10.500000000000002 1.0000000180025095e-35 1.5000000000000002 1.0000000180025095e-35 1.0000000180025095e-35 2.5000000000000004 0.87500000000000011 1.5000000000000002 1.0000000180025095e-35 14.500000000000002 15.500000000000002
decision_type=2 2 2 2 2 2 2 2 2 2 2 2 2 2
left_child=1 -1 10 -4 5 -2 13 8 -7 -10 -3 12 -12 -5
right_child=4 2 3 6 -6 7 -8 -9 9 -11 11 -13 -14 -15
leaf_value=0.081820325497046917 -0.10030820813863868 -0.0999912339480407 -0.092901131000523329 0.052569673927584985 0.089322060077812418 0.063347095110990626 -0.10126633277493269 0.10432403216014492 0.1472930104915717 -0.12914149890040683 -0.02696503730080831 -0.099961660709595446 -0.08983617359090397 -0.059639844050609778
leaf_weight=9.5510378777980787 4.0367204695940044 53.585896715521812 22.643529251217842 26.024074509739883 133.86040776968002 14.42262682318688 2.6533679068088523 6.7232031226158133 0.99161815643310536 5.017945632338523 33.845292687416077 44.268422558903694 17.819396138191223 2.2388501763343802
leaf_count=55 25 335 140 134 850 75 16 39 4 24 166 277 102 9
internal_value=3.12749e-05 -0.0595072 -0.066154 -0.0212427 0.0767321 0.0227025 0.031241 0.0409884 0.0201479 -0.083528 -0.0822419 -0.0723276 -0.0486496 0.043681
internal_weight=377.682 212.63 203.079 53.5598 165.053 31.1921 30.9163 27.1554 20.4322 6.00956 149.519 95.9331 51.6647 28.2629
internal_count=2251 1234 1179 299 1017 167 159 142 103 28 880 545 268 143
is_linear=0
shrinkage=0.08


Tree=13
num_leaves=15
num_cat=0
split_feature=6 12 0 6 12 10 1 4 1 15 14 7 2 0
split_gain=240.824 28.071 19.8059 26.2932 18.6408 16.1366 10.0403 7.26863 6.46177 6.4601 5.60917 5.10041 4.61753 13.9455
threshold=0.58335000000000015 2.5000000000000004 1.5000000000000002 0.36665000000000009 1.5000000000000002 1.0000000180025095e-35 10.500000000000002 1.5000000000000002 14.500000000000002 1.0000000180025095e-35 1.0000000180025095e-35 0.87500000000000011 1.0000000180025095e-35 2.5000000000000004
decision_type=2 2 2 2 2 2 2 2 2 2 2 2 2 2
left_child=1 2 -1 4 8 6 -2 -5 -4 10 11 -6 13 -8
right_child=5 -3 3 7 9 -7 12 -9 -10 -11 -12 -13 -14 -15
leaf_value=-0.098045365279964172 -0.078625462221063896 0.085209712533718354 -0.025112342684687664 -0.098814627205433686 0.10245979537870087 0.087076780729501618 0.070195368244908893 0.098780309760352292 -0.084335748681063485 -0.15254604469683863 0.065008649959133122 -0.049731537134662454 0.10199330931585548 -0.079826825329837259
leaf_weight=69.061175733804703 5.255635708570483 8.4622413367032987 33.451756983995438 44.06103515625 1.8315582424402235 126.62451937794685 12.555134698748594 1.2245781123638142 18.209044635295868 1.1363662481307972 19.659642741084099 6.1129671186208787 6.3422701209783545 5.7963463366031638
leaf_count=460 31 48 166 288 11 850 69 8 109 6 104 34 39 28
internal_value=2.21235e-05 -0.0574299 -0.0636279 -0.0447165 -0.0172556 0.0745865 0.0217784 -0.0934714 -0.045987 0.0343888 0.0420842 -0.0146448 0.0431477 0.0228106
internal_weight=359.784 203.21 194.748 125.687 80.4013 156.574 29.9494 45.2856 51.6608 28.7405 27.6042 7.94453 24.6938 18.3515
internal_count=2251 1234 1186 726 430 1017 167 296 275 155 149 45 136 97
is_linear=0
shrinkage=0.08


Tree=14
num_leaves=15
num_cat=0
split_feature=6 7 11 1 10 1 13 5 13 0 0 6 1 6
split_gain=215.388 25.3032 18.6991 25.5972 14.922 9.01525 6.49899 4.78972 4.42736 4.98634 4.19505 9.52371 6.36367 3.91116
threshold=0.58335000000000015 0.87500000000000011 1.0000000180025095e-35 10.500000000000002 1.0000000180025095e-35 11.500000000000002 1.0000000180025095e-35 1.5000000000000002 1.0000000180025095e-35 1.5000000000000002 1.5000000000000002 1.0000000180025095e-35 14.500000000000002 1.4166500000000002
decision_type=2 2 2 2 2 2 2 2 2 2 2 2 2 2
left_child=1 -1 10 -4 5 8 -5 -7 9 -2 -3 12 -12 -9
right_child=4 2 3 6 -6 7 -8 13 -10 -11 11 -13 -14 -15
leaf_value=0.077311879140359849 -0.096980939055694951 -0.096399607279473096 -0.088966115941448293 0.039184050260059479 0.08496705139267953 0.063273432380190883 -0.098096734098378283 -0.079745743571561542 -0.13179721315206661 0.083420546429354786 -0.023373775299423943 -0.09636702657857743 -0.084683787739309527 0.11067849528340118
leaf_weight=8.7651026546955091 1.8776831328868895 47.295262962579727 20.251134291291237 26.960541203618053 119.67291906476021 18.069081947207454 2.4037985205650321 2.9421562254428859 3.0022093802690506 2.0523905158042908 33.080659627914429 39.054510220885277 16.112068712711334 0.90191920101642598
leaf_count=55 13 335 140 143 850 105 16 16 18 10 166 277 102 5
internal_value=1.8436e-05 -0.0555058 -0.0617932 -0.019773 0.0725175 0.0208671 0.0279461 0.0460222 -0.0586489 -0.00277042 -0.0771748 -0.0668714 -0.0434546 -0.0350673
internal_weight=342.441 193.923 185.158 49.6155 148.518 28.8454 29.3643 21.9132 6.93228 3.93007 135.543 88.2472 49.1927 3.84408
internal_count=2251 1234 1179 299 1017 167 159 126 41 23 880 545 268 21
is_linear=0
shrinkage=0.08


Tree=15
num_leaves=15
num_cat=0
split_feature=6 12 0 6 12 10 1 2 1 15 14 2 5 1
split_gain=192.5 23.6124 18.0557 23.2421 14.3412 13.934 7.92595 6.23128 5.69137 5.63212 4.50412 4.52005 4.1789 3.95143
threshold=0.58335000000000015 2.5000000000000004 1.5000000000000002 0.36665000000000009 1.5000000000000002 1.0000000180025095e-35 11.500000000000002 1.0000000180025095e-35 14.500000000000002 1.0000000180025095e-35 1.0000000180025095e-35 1.0000000180025095e-35 1.5000000000000002 13.500000000000002
decision_type=2 2 2 2 2 2 2 2 2 2 2 2 2 2
left_child=1 2 -1 4 8 6 -2 -5 13 10 11 -6 -8 -4
right_child=5 -3 3 7 9 -7 12 -9 -10 -11 -12 -13 -14 -15
leaf_value=-0.094920485516373068 -0.056404459616714676 0.081818751681019417 -0.032720187717105755 -0.095631582331720588 -0.045763069998473585 0.082968289376498361 0.059999737350066536 0.10372837482613206 -0.079375293929490345 -0.14813708307281642 0.05974607979088143 0.10695364583567696 -0.033377393795685932 0.048642401875080066
leaf_weight=60.886198028922081 6.6462351381778744 7.8907208740711203 28.315595760941505 39.046592101454735 5.9128877669572892 113.02479580044746 17.552341207861904 1.0298824608325947 16.492039442062378 1.0749851092696179 18.647955730557442 1.5696350634098051 3.7168661504983893 4.4159720242023459
leaf_count=460 41 48 145 289 36 850 105 7 109 6 104 9 21 21
internal_value=6.46831e-06 -0.0535915 -0.0596148 -0.0411639 -0.0152895 0.0704673 0.0198528 -0.0905084 -0.0410524 0.031324 0.0387069 -0.0137271 0.0436818 -0.0217432
internal_weight=326.223 185.282 177.392 116.506 76.4291 140.94 27.9154 40.0765 49.2236 27.2055 26.1305 7.48252 21.2692 32.7316
internal_count=2251 1234 1186 726 430 1017 167 296 275 155 149 45 126 166
is_linear=0
shrinkage=0.08


Tree=16
num_leaves=15
num_cat=0
split_feature=6 12 0 6 10 12 0 4 1 15 2 0 7 13
split_gain=171.977 21.0192 17.3116 21.6873 13.2234 12.4782 7.28571 5.76712 5.28569 4.93958 4.72175 10.7846 8.43027 4.07129
threshold=0.58335000000000015 2.5000000000000004 1.5000000000000002 0.36665000000000009 1.0000000180025095e-35 1.5000000000000002 1.5000000000000002 1.5000000000000002 14.500000000000002 1.0000000180025095e-35 1.0000000180025095e-35 2.5000000000000004 0.87500000000000011 1.0000000180025095e-35
decision_type=2 2 2 2 2 2 2 2 2 2 2 2 2 2
left_child=1 2 -1 5 6 8 -2 -5 -4 13 11 -8 -13 -7
right_child=4 -3 3 7 -6 9 10 -9 -10 -11 -12 12 -14 -15
leaf_value=-0.093569898795987663 -0.094330007715508521 0.07856932307202856 -0.020243705486573262 -0.094266996595202393 0.081059654582068652 0.048458448666605099 0.054512056396535516 0.095394612385784311 -0.076787477116741915 -0.14146120139158835 0.098398051547840662 0.13619497976627926 -0.12329322062916211 -0.05006340025018511
leaf_weight=56.983036741614342 3.2201961427927044 7.5729282796382895 32.379808574914932 36.563627421855927 106.69165030121803 22.387703865766532 12.94430728256703 1.0557039380073536 15.716166928410528 1.0372113063931454 5.5673359334468833 0.96899758279323567 4.6295652240514746 3.0501193404197684
leaf_count=460 25 48 166 288 850 127 75 8 109 6 39 4 24 22
internal_value=-1.71709e-06 -0.0518244 -0.0576614 -0.039423 0.0683413 -0.0144405 0.0186918 -0.0889446 -0.0387203 0.0296675 0.0337871 0.0143882 -0.0783811 0.0366452
internal_weight=310.768 176.746 169.173 112.19 134.022 74.571 27.3304 37.6193 48.096 26.475 24.1102 18.5429 5.59856 25.4378
internal_count=2251 1234 1186 726 1017 430 167 296 275 155 142 103 28 149
is_linear=0
shrinkage=0.08


Tree=17
num_leaves=15
num_cat=0
split_feature=6 7 0 11 10 6 1 10 1 1 13 13 0 1
split_gain=154.006 19.6194 13.6536 17.8532 12.1891 9.13115 8.19533 7.12505 6.5871 5.28159 4.12414 4.06228 4.10593 3.54759
threshold=0.58335000000000015 0.87500000000000011 1.5000000000000002 1.0000000180025095e-35 1.0000000180025095e-35 1.0000000180025095e-35 10.500000000000002 1.0000000180025095e-35 11.500000000000002 14.500000000000002 1.0000000180025095e-35 1.0000000180025095e-35 1.5000000000000002 15.500000000000002
decision_type=2 2 2 2 2 2 2 2 2 2 2 2 2 2
left_child=1 -1 7 5 8 9 -5 -3 11 -4 13 12 -2 -8
right_child=4 2 3 6 -6 -7 10 -9 -10 -11 -12 -13 -14 -15
leaf_value=0.073135771005860203 -0.093255013643131421 -0.092358213673505732 -0.018810067077941181 -0.11175805539600678 0.079223362258628777 -0.092299739637032682 0.046292633509843348 0.15602858750328857 0.040566847600129685 -0.077998183953487649 -0.095275364602117649 -0.12667335933751386 0.079244729294726174 -0.060693994422674286
leaf_weight=7.8824459165334693 1.5851458311080959 53.263804838061333 32.073063731193542 2.9710347130894688 100.6787896156311 31.99111670255661 22.168195337057121 0.74951411783695121 19.881117485463619 13.80061626434326 1.6154751181602467 2.7333275377750397 1.9939990937709808 2.178536355495452
leaf_count=55 13 460 166 21 850 277 129 3 126 102 12 18 10 9
internal_value=-1.27919e-05 -0.0500929 -0.0561331 -0.0395554 0.0665754 -0.059494 0.0141031 -0.0889115 0.0179611 -0.0366162 0.0285062 -0.0532357 0.00284736 0.0367195
internal_weight=295.566 168.694 160.811 106.798 126.872 77.8648 28.9332 54.0133 26.1936 45.8737 25.9622 6.31247 3.57914 24.3467
internal_count=2251 1234 1179 716 1017 545 171 463 167 268 150 41 23 138
is_linear=0
shrinkage=0.08


Tree=18
num_leaves=15
num_cat=0
split_feature=6 0 11 10 10 6 1 10 2 0 1 7 1 10
split_gain=137.625 17.7803 17.0084 11.5671 10.6942 8.87384 8.06404 6.37947 6.22071 6.49137 8.96745 7.3851 4.19203 4.18295
threshold=0.58335000000000015 1.5000000000000002 1.0000000180025095e-35 1.0000000180025095e-35 0.68500000000000016 0.36665000000000009 10.500000000000002 1.0000000180025095e-35 1.0000000180025095e-35 2.5000000000000004 11.500000000000002 0.87500000000000011 14.500000000000002 1.0000000180025095e-35
decision_type=2 2 2 2 2 2 2 2 2 2 2 2 2 2
left_child=1 7 4 8 5 12 -4 -1 9 10 -2 -11 -3 -8
right_child=3 2 6 -5 -6 -7 13 -9 -10 11 -12 -13 -14 -15
leaf_value=-0.091268342495266247 -0.051220375088218494 -0.017468250678017629 -0.10937210003623538 0.077444138171974916 0.098018059149475173 -0.089351551078190414 0.01763612183413537 0.14504509616110453 0.096111934238264529 0.1270954448033248 0.074539162109233156 -0.12030160562702445 -0.069408910522580303 0.095252082124150483
leaf_weight=49.731801055371761 6.0497162416577401 31.786141574382782 2.7999888658523586 94.986669719219208 3.0067396536469451 30.413897700607777 22.403306759893898 0.74202699959278007 5.0839063674211493 0.93247473239898671 9.0683594048023206 4.4937130957841864 14.472539663314818 5.5434453487396231
leaf_count=460 41 166 21 850 22 279 130 3 39 4 59 24 111 42
internal_value=-2.92326e-05 -0.0484587 -0.0304792 0.0645756 -0.0499827 -0.0557866 0.0200636 -0.0877942 0.0168805 -0.00272623 0.0242147 -0.0777871 -0.0337185 0.0330318
internal_weight=281.515 160.9 110.426 120.615 79.6793 76.6726 30.7467 50.4738 25.6282 20.5443 15.1181 5.42619 46.2587 27.9468
internal_count=2251 1234 771 1017 578 556 193 463 167 128 100 28 277 172
is_linear=0
shrinkage=0.08


Tree=19
num_leaves=15
num_cat=0
split_feature=6 0 11 10 6 1 10 10 2 0 1 7 1 4
split_gain=123.135 17.0174 15.0519 10.6654 9.74814 7.17305 6.11094 5.74203 5.6768 5.76065 7.90636 6.56356 4.30964 4.28646
threshold=0.58335000000000015 1.5000000000000002 1.0000000180025095e-35 1.0000000180025095e-35 0.36665000000000009 10.500000000000002 0.52500000000000013 1.0000000180025095e-35 1.0000000180025095e-35 2.5000000000000004 11.500000000000002 0.87500000000000011 14.500000000000002 1.5000000000000002
decision_type=2 2 2 2 2 2 2 2 2 2 2 2 2 2
left_child=1 7 4 8 6 -4 12 -1 9 10 -2 -11 -3 -6
right_child=3 2 5 -5 13 -7 -8 -9 -10 11 -12 -13 -14 -15
leaf_value=-0.090285768388657497 -0.047586595603450424 -0.016213366804043221 -0.10717528850990006 0.075708873025531434 -0.08971894819882538 0.030996044462925743 0.094582492461370266 0.13626292983131338 0.094696602794905355 0.12147773447872164 0.071931602967240729 -0.11628847494746497 -0.070128870721659131 0.0938478266934272
leaf_weight=46.387423574924469 5.9931815639138284 31.518167942762375 2.6355266198515919 89.611921459436417 28.198658756911758 27.446756817400455 2.5614790618419638 0.72724060714244743 4.7603032886981955 0.8989148437976836 8.6621924638748151 4.2854280397295943 13.575173214077948 0.83832765370607276
leaf_count=460 41 166 21 850 276 172 20 3 39 4 59 24 109 7
internal_value=-3.2976e-05 -0.0467402 -0.0290685 0.0629001 -0.0478804 0.0188908 -0.0256166 -0.0867889 0.0162409 -0.00258358 0.0230557 -0.0750621 -0.0324444 -0.0844192
internal_weight=268.101 153.889 106.774 114.212 76.6918 30.0823 47.6548 47.1147 24.6 19.8397 14.6554 5.18434 45.0933 29.037
internal_count=2251 1234 771 1017 578 193 295 463 167 128 100 28 275 283
is_linear=0
shrinkage=0.08


Tree=20
num_leaves=15
num_cat=0
split_feature=6 0 11 10 6 1 4 10 2 0 1 7 1 10
split_gain=110.176 16.2916 13.3359 9.82526 9.40717 6.37587 5.6029 5.18901 5.18778 5.12607 6.97165 5.85567 4.50262 4.06522
threshold=0.58335000000000015 1.5000000000000002 1.0000000180025095e-35 1.0000000180025095e-35 0.36665000000000009 10.500000000000002 1.0000000180025095e-35 1.0000000180025095e-35 1.0000000180025095e-35 2.5000000000000004 11.500000000000002 0.87500000000000011 14.500000000000002 1.0000000180025095e-35
decision_type=2 2 2 2 2 2 2 2 2 2 2 2 2 2
left_child=1 7 4 8 6 -4 12 -1 9 10 -2 -11 -3 -7
right_child=3 2 5 -5 -6 13 -8 -9 -10 11 -12 -13 -14 -15
leaf_value=-0.089398074753808093 -0.044182957471599338 -0.015040706454243146 -0.10514704963641978 0.074006233653624978 -0.083377420862858709 0.01403289746428414 0.083878948497891556 0.12909576811223997 0.093421699645733478 0.11673569307623526 0.069405670693165319 -0.11276055709888377 -0.071912437372397955 0.093454249927287805
leaf_weight=43.228811167180538 5.9407372176647248 31.268227443099022 2.4779078587889698 84.548230841755867 27.125854566693306 22.000347398221496 2.8840008080005637 0.70701934397220512 4.451826035976409 0.86209957301616658 8.2753240019083005 4.0745879933238021 12.45971432328224 5.0764061808586112
leaf_count=460 41 166 21 850 283 130 23 3 39 4 59 24 106 42
internal_value=-4.20227e-05 -0.0450782 -0.0277221 0.0612657 -0.0459206 0.0176823 -0.0241225 -0.0858821 0.0156307 -0.00245082 0.0219382 -0.0726834 -0.0312456 0.028923
internal_weight=255.381 147.228 103.292 108.153 73.7378 29.5547 46.6119 43.9358 23.6046 19.1527 14.2161 4.93669 43.7279 27.0768
internal_count=2251 1234 771 1017 578 193 295 463 167 128 100 28 272 172
is_linear=0
shrinkage=0.08


Tree=21
num_leaves=15
num_cat=0
split_feature=6 1 11 10 10 11 10 10 1 13 6 0 10 13
split_gain=98.4999 15.6695 13.0777 9.11598 47.268 36.4837 11.8702 8.23494 7.70848 11.2777 7.53859 4.84621 4.78481 4.49459
threshold=0.58335000000000015 9.5000000000000018 1.0000000180025095e-35 0.68500000000000016 0.67500000000000016 1.0000000180025095e-35 1.0000000180025095e-35 0.68500000000000016 19.500000000000004 1.0000000180025095e-35 0.36665000000000009 1.5000000000000002 1.0000000180025095e-35 1.0000000180025095e-35
decision_type=2 2 2 2 2 2 2 2 2 2 2 2 2 2
left_child=1 -1 7 4 6 8 11 10 9 -6 -3 -2 13 -4
right_child=3 2 12 -5 5 -7 -8 -9 -10 -11 -12 -13 -14 -15
leaf_value=-0.086685377579783549 -0.090143738877662263 -0.030976019127423302 0.016770821366602007 0.089371836561302861 -0.27588612750064551 0.089371836561302806 0.089371836561302861 0.09594007621761462 -0.081081880000939618 -0.62085198244804085 -0.085781320592125357 0.02806550271927466 0.092260789667272927 -0.092234371763950773
leaf_weight=38.811757460236549 2.4943690523505238 46.463408410549164 21.176189333200462 40.175128698348999 1.3141397237777706 1.6896082162857053 35.012436926364899 2.5666714236140242 0.4693356156349181 1.1264054775238037 24.550244554877281 20.151568412780762 4.7442489415407172 2.7333801016211501
leaf_count=421 25 323 127 428 14 18 373 22 5 12 274 142 42 25
internal_value=-4.60107e-05 -0.0434088 -0.0269794 0.0596627 0.0404913 -0.206313 0.0601793 -0.0448348 -0.378001 -0.435101 -0.0499228 0.0150452 0.0188714 0.00430917
internal_weight=243.479 141.046 102.234 102.433 62.2579 4.59949 57.6584 73.5803 2.90988 2.44055 71.0137 22.6459 28.6538 23.9096
internal_count=2251 1234 813 1017 589 49 540 619 31 26 597 167 194 152
is_linear=0
shrinkage=0.08


Tree=22
num_leaves=15
num_cat=0
split_feature=6 0 6 12 10 10 11 10 12 10 4 2 0 1
split_gain=88.0225 15.0541 11.0163 9.00763 8.90069 35.7885 20.7359 11.475 6.92327 4.96183 4.76179 4.72444 4.72918 5.83694
threshold=0.58335000000000015 1.5000000000000002 0.36665000000000009 2.5000000000000004 0.68500000000000016 0.67500000000000016 1.0000000180025095e-35 1.0000000180025095e-35 1.5000000000000002 1.0000000180025095e-35 1.5000000000000002 1.0000000180025095e-35 2.5000000000000004 11.500000000000002
decision_type=2 2 2 2 2 2 2 2 2 2 2 2 2 2
left_child=1 9 8 10 5 7 -7 11 -3 -1 -4 12 13 -2
right_child=4 2 3 -5 -6 6 -8 -9 -10 -11 -12 -13 -14 -15
leaf_value=-0.087961528130528904 -0.040679516615140292 -0.026553448664513726 -0.089038637510879648 0.050154967045688614 0.088570597556064681 -0.25568816272204575 0.088570597556064626 0.088570597556064681 0.026694886606426105 0.12705713445699426 0.094060508275732924 0.091943877415542941 -0.072185482341360865 0.065945277864912069
leaf_weight=37.777614623308182 5.6981870755553299 42.549275368452072 24.926595069468028 3.7599912881851187 37.408113837242126 3.8849952369928351 1.5732384324073789 32.600996404886246 24.698003992438316 0.69958193600177665 0.94343365728855033 4.0729954540729514 4.7301662489771834 7.7615529894828796
leaf_count=460 41 275 288 30 428 31 18 373 170 3 8 39 28 59
internal_value=5.62141e-05 -0.041718 -0.024904 -0.0655453 0.0579127 0.0389005 -0.156462 0.0583365 -0.00699686 -0.0840521 -0.0823613 0.0140627 -0.00337611 0.0208056
internal_weight=233.085 135.354 96.8773 29.63 97.7302 60.3221 5.45823 54.8639 67.2473 38.4772 25.87 22.2629 18.1899 13.4597
internal_count=2251 1234 771 326 1017 589 49 540 445 463 296 167 128 100
is_linear=0
shrinkage=0.08


Tree=23
num_leaves=15
num_cat=0
split_feature=6 1 11 10 10 11 10 6 4 10 2 1 0 7
split_gain=78.8082 14.5288 10.0554 8.57957 29.1205 14.0787 10.8747 7.58464 4.54107 4.34751 4.32783 4.19141 4.11564 5.31507
threshold=0.58335000000000015 9.5000000000000018 1.0000000180025095e-35 0.68500000000000016 0.67500000000000016 1.0000000180025095e-35 1.0000000180025095e-35 0.36665000000000009 1.0000000180025095e-35 1.0000000180025095e-35 1.0000000180025095e-35 14.500000000000002 2.5000000000000004 0.87500000000000011
decision_type=2 2 2 2 2 2 2 2 2 2 2 2 2 2
left_child=1 -1 7 4 6 -6 10 8 11 -4 12 -3 -2 -14
right_child=3 2 9 -5 5 -7 -8 -9 -10 -11 -12 -13 13 -15
leaf_value=-0.085012011402736384 0.019760044147250921 -0.013390874673954542 0.0030196307961587805 0.087844139662296497 -0.19699335214601618 0.087844139662296442 0.087844139662296497 -0.079420031308634786 0.080710048503110352 0.09069509926424256 0.090932570198693413 -0.069109347912680197 0.11416402947023448 -0.10849859339361931
leaf_weight=34.023162767291069 13.080368615686899 32.120944663882256 23.210494935512546 34.805962443351746 4.602289304137229 1.4638021588325498 30.333233624696732 21.889817930757999 2.5858799964189521 4.2883933410048476 3.7999549210071555 11.820182353258131 0.83825266361236561 3.7802599817514411
leaf_count=421 100 206 152 428 31 18 373 278 23 42 39 112 4 24
internal_value=0.000105398 -0.0400969 -0.0241647 0.0564551 0.0375852 -0.12826 0.0569946 -0.0405865 -0.0223162 0.0166924 0.0134683 -0.0283792 -0.00316325 -0.0680857
internal_weight=222.643 129.939 95.9157 92.7041 57.8982 6.06609 51.8321 68.4168 46.527 27.4989 21.4988 43.9411 17.6989 4.61851
internal_count=2251 1234 813 1017 589 49 540 619 341 194 167 318 128 28
is_linear=0
shrinkage=0.08


Tree=24
num_leaves=15
num_cat=0
split_feature=6 0 6 10 10 10 11 12 15 12 10 2 1 0
split_gain=70.3367 14.0145 9.86818 8.31111 24.3183 10.3956 10.3123 7.40981 5.31443 5.70458 4.75423 4.67705 4.19402 4.15813
threshold=0.58335000000000015 1.5000000000000002 0.36665000000000009 0.68500000000000016 0.67500000000000016 1.0000000180025095e-35 1.0000000180025095e-35 2.5000000000000004 1.0000000180025095e-35 1.5000000000000002 1.0000000180025095e-35 1.0000000180025095e-35 10.500000000000002 1.5000000000000002
decision_type=2 2 2 2 2 2 2 2 2 2 2 2 2 2
left_child=1 10 8 4 5 13 -6 11 9 -3 -1 -4 -9 -2
right_child=3 2 7 -5 6 -7 -8 12 -10 -11 -12 -13 -14 -15
leaf_value=-0.086797474846714545 -0.089077677488144755 -0.019249179418417015 -0.087147694201256856 0.087184475796220837 -0.16028801480186047 0.087184475796220837 0.087184475796220781 -0.12832499186926222 -0.11334267935703331 0.03077876797564609 0.12511962143956498 0.1038167975537766 0.090527842773128989 0.025248097538843217
leaf_weight=33.041942849755287 2.2859203889966038 39.147142440080643 21.980217054486282 32.363141864538193 5.1755778342485419 28.204326905310154 1.3610667139291761 0.7043046355247492 2.7961050868034354 23.251726306974888 0.6917128711938848 0.85265843570232291 2.7429873272776604 18.627350702881813
leaf_count=460 25 261 289 428 31 373 18 3 20 164 3 7 27 142
internal_value=0.000145466 -0.0383782 -0.0221249 0.0549472 0.036201 0.0554925 -0.108759 -0.0635106 -0.00544227 -0.000607237 -0.0824521 -0.0800164 0.0458148 0.0127517
internal_weight=213.226 125.209 91.4751 88.0174 55.6542 49.1176 6.53664 26.2802 65.195 62.3989 33.7337 22.8329 3.44729 20.9133
internal_count=2251 1234 771 1017 589 540 49 326 445 425 463 296 30 167
is_linear=0
shrinkage=0.08


Tree=25
num_leaves=15
num_cat=0
split_feature=6 0 6 10 10 10 11 12 15 12 4 10 2 1
split_gain=62.7842 13.4072 9.21122 8.10546 20.5867 10.0447 7.91008 6.76182 4.80753 4.8967 4.38511 4.32175 3.95819 3.88813
threshold=0.58335000000000015 1.5000000000000002 0.36665000000000009 0.68500000000000016 0.67500000000000016 1.0000000180025095e-35 1.0000000180025095e-35 2.5000000000000004 1.0000000180025095e-35 1.5000000000000002 1.5000000000000002 1.0000000180025095e-35 1.0000000180025095e-35 14.500000000000002
decision_type=2 2 2 2 2 2 2 2 2 2 2 2 2 2
left_child=1 11 8 4 5 12 -6 10 9 13 -4 -1 -2 -3
right_child=3 2 7 -5 6 -7 -8 -9 -10 -11 -12 -13 -14 -15
leaf_value=-0.086232937046493166 -0.0039054862907142553 -0.0025230048087044477 -0.086629675955275529 0.086584627201835004 -0.13477861192101329 0.086584627201835004 0.086584627201834935 0.045067375476479155 -0.11089243800696451 0.028735972951164528 0.094088765702628321 0.11981316815665109 0.089773910593086231 -0.059673447338394213
leaf_weight=30.693104743957523 17.103778980672363 28.285118356347084 20.433328874409206 30.073478490114212 5.6405560970306388 26.208895973861217 1.2647724598646162 3.2364728301763526 2.6358200013637534 22.926242254674435 0.89704565703868766 0.66562382876872916 3.4726974070072165 10.427377536892889
leaf_count=460 128 159 288 428 31 373 18 30 20 164 8 3 39 102
internal_value=0.000164087 -0.0368882 -0.0210145 0.0533334 0.0347086 0.05374 -0.094234 -0.0626809 -0.00508888 -0.000564469 -0.0790296 -0.0818594 0.0119048 -0.0179167
internal_weight=203.964 120.2 88.8414 83.7642 53.6907 46.7854 6.90533 24.5668 64.2746 61.6387 21.3304 31.3587 20.5765 38.7125
internal_count=2251 1234 771 1017 589 540 49 326 445 425 296 463 167 261
is_linear=0
shrinkage=0.08


Tree=26
num_leaves=15
num_cat=0
split_feature=6 1 10 10 10 7 1 11 6 12 0 1 1 4
split_gain=56.0006 12.94 7.91074 17.5954 9.72024 7.43194 9.19166 6.25834 5.94827 7.2994 6.19694 3.70945 3.08752 2.96027
threshold=0.58335000000000015 9.5000000000000018 0.68500000000000016 0.67500000000000016 1.0000000180025095e-35 0.87500000000000011 14.500000000000002 1.0000000180025095e-35 0.29165000000000002 2.5000000000000004 1.5000000000000002 9.5000000000000018 13.500000000000002 1.0000000180025095e-35
decision_type=2 2 2 2 2 2 2 2 2 2 2 2 2 2
left_child=1 -1 3 4 11 -3 8 -5 10 -10 -7 -2 -12 -13
right_child=2 5 -4 7 -6 6 -8 -9 9 -11 12 13 -14 -15
leaf_value=-0.082961161871398098 -0.096664788593747344 0.067272246680980488 0.086038489466545492 -0.1158311297396607 0.086038489466545492 -0.08656883405749044 -0.071855531857889954 0.086038489466545423 -0.089675809758287081 0.089531018135876397 0.0019546648936134181 -0.11324439768058285 0.062269275228136862 0.02952224703626357
leaf_weight=27.823107872158289 1.8570585027337099 5.7870467603206626 27.930358648300171 6.0203778594732276 24.341177046298981 4.6468744426965705 21.22104162350297 1.1746412515640257 9.6882228441536391 1.7116453349590308 38.321486800909042 0.98163083940744655 6.3288952857255927 17.50901871919632
leaf_count=421 20 55 428 31 373 67 261 18 142 18 234 8 36 139
internal_value=0.000177659 -0.0354251 0.0517114 0.0332324 0.0519258 -0.0203451 -0.0265347 -0.0828744 -0.0106896 -0.0627686 0.00135356 0.0111182 0.0105039 0.0219431
internal_weight=195.343 115.528 79.8143 51.8839 44.6889 87.7052 81.9182 7.19502 60.6971 11.3999 49.2973 20.3477 44.6504 18.4906
internal_count=2251 1234 1017 589 540 813 758 49 497 160 337 167 270 147
is_linear=0
shrinkage=0.08


Tree=27
num_leaves=15
num_cat=0
split_feature=6 1 10 10 10 10 6 12 14 2 1 0 2 0
split_gain=49.9184 12.1958 7.679 15.1767 9.34962 6.7994 6.75755 8.33152 5.57985 6.73715 5.23689 5.59661 3.59431 3.92584
threshold=0.58335000000000015 9.5000000000000018 0.68500000000000016 0.67500000000000016 1.0000000180025095e-35 0.68500000000000016 0.36665000000000009 2.5000000000000004 1.0000000180025095e-35 1.0000000180025095e-35 14.500000000000002 1.5000000000000002 1.0000000180025095e-35 2.5000000000000004
decision_type=2 2 2 2 2 2 2 2 2 2 2 2 2 2
left_child=1 -1 3 4 12 6 10 -8 9 -5 11 -3 13 -2
right_child=2 5 -4 8 -6 -7 7 -9 -10 -11 -12 -13 -14 -15
leaf_value=-0.081872464527352404 0.018794554064289318 -0.086025271768366399 0.085540668046861876 -0.1339264243236534 0.085540668046861876 0.09135067431911717 -0.082312565023144837 0.088764379898137888 0.10910943694216889 0.095885699392867785 -0.05602465322435049 0.009360244093349613 0.088709421193624016 -0.069017302481531956
leaf_weight=26.011751886457205 12.381683528423315 4.3156058751046649 25.926908776164055 5.5300117023289195 22.595179844647646 3.4120481908321372 17.699533190578226 2.0309381261467925 0.93431019037961949 0.95782017335295666 13.048390440642832 44.847077742218971 3.157891482114791 4.4221681356430045
leaf_count=421 100 67 428 33 373 40 283 23 6 10 129 271 39 28
internal_value=0.00018338 -0.0339161 0.0502124 0.0318856 0.050296 -0.0193012 -0.0239088 -0.0647029 -0.0736757 -0.0999985 -0.0109708 0.000987099 0.0104017 -0.00431436
internal_weight=187.271 111.365 75.906 49.9791 42.5569 85.3536 81.9415 19.7305 7.42214 6.48783 62.2111 49.1627 19.9617 16.8039
internal_count=2251 1234 1017 589 540 813 773 306 49 43 467 338 167 128
is_linear=0
shrinkage=0.08


Tree=28
num_leaves=15
num_cat=0
split_feature=6 1 10 10 10 2 6 12 11 0 1 4 1 1
split_gain=44.4767 11.4921 7.43552 13.1296 8.96223 6.26053 7.1664 7.60207 4.66108 4.22045 4.16192 4.53049 3.3623 2.77734
threshold=0.58335000000000015 9.5000000000000018 0.68500000000000016 0.67500000000000016 1.0000000180025095e-35 1.0000000180025095e-35 0.36665000000000009 2.5000000000000004 1.0000000180025095e-35 1.5000000000000002 14.500000000000002 1.0000000180025095e-35 9.5000000000000018 13.500000000000002
decision_type=2 2 2 2 2 2 2 2 2 2 2 2 2 2
left_child=1 -1 3 4 12 6 9 -8 -5 -3 13 -12 -2 -11
right_child=2 5 -4 8 -6 -7 7 -9 -10 10 11 -13 -14 -15
leaf_value=-0.08077904461434296 -0.095813651368545333 -0.085508091560781957 0.085086420316051736 -0.09147361420597637 0.085086420316051736 0.0966806277281482 -0.084044272594263017 0.088094680264645148 0.085743306848374182 -0.00038060415722258173 -0.062164775130127269 0.073154153197542565 0.020213934269642096 0.056263878049493503
leaf_weight=24.323827151209116 1.7561163827776933 4.3532683849334708 24.056124567985535 6.5181509107351294 20.964800149202347 2.9257831349968901 16.305103804916147 1.8257812336087216 1.1118814311921594 38.120218101888895 11.354926995933052 1.8400613740086562 17.801600113511086 6.4817404150962821
leaf_count=421 20 73 428 31 373 30 280 22 18 234 116 21 147 37
internal_value=0.000203186 -0.0324077 0.0487663 0.0306214 0.0487482 -0.0182674 -0.0224566 -0.0667099 -0.0656488 -0.00954669 -0.00382527 -0.0432943 0.00979565 0.00785121
internal_weight=179.739 107.531 72.2087 48.1525 40.5225 83.2069 80.2811 18.1309 7.63003 62.1502 57.7969 13.195 19.5577 44.602
internal_count=2251 1234 1017 589 540 813 783 302 49 481 408 137 167 271
is_linear=0
shrinkage=0.08


Tree=29
num_leaves=15
num_cat=0
split_feature=6 1 10 9 2 11 14 6 12 0 10 4 15 12
split_gain=39.5695 10.7934 7.22721 12.0443 7.5905 6.12157 9.47698 5.62752 7.38973 4.20632 3.96656 3.72009 3.66019 3.30746
threshold=0.58335000000000015 9.5000000000000018 0.68500000000000016 1.0000000180025095e-35 1.0000000180025095e-35 1.0000000180025095e-35 1.0000000180025095e-35 0.36665000000000009 2.5000000000000004 1.5000000000000002 0.67500000000000016 1.5000000000000002 1.0000000180025095e-35 1.5000000000000002
decision_type=2 2 2 2 2 2 2 2 2 2 2 2 2 2
left_child=1 -1 3 -2 5 6 10 9 11 -3 -5 -9 13 -11
right_child=2 7 -4 4 -6 -7 -8 8 -10 12 -12 -13 -14 -15
leaf_value=-0.079674896644629692 0.084671538438615121 -0.085057471506082089 0.084671538438615121 -0.040789760696229548 0.08848945927728194 0.041289157037010069 0.069555416091033204 -0.084024609455523966 0.087225657533687398 -0.011964457909898798 -0.12859652578516462 0.093618714557244617 -0.11178069470475988 0.027792935101459061
leaf_weight=22.75238624215126 16.316210392862558 4.0389962419867507 22.310984179377556 8.4533154815435498 5.0865102075040332 7.5990953072905532 3.6729635857045642 15.119474075734615 2.0213611908256999 35.819931074976921 5.3933043330907813 0.7940825968980797 1.8384172543883313 21.388004764914513
leaf_count=421 313 73 428 71 74 74 33 279 27 252 24 8 15 159
internal_value=0.00020781 -0.0309882 0.0472393 0.0292873 -0.000630078 -0.0186767 -0.0446868 -0.0173158 -0.0568585 -0.00607395 -0.0749908 -0.0751603 -0.000671171 0.00289941
internal_weight=172.605 103.773 68.8324 46.5214 30.2052 25.1187 17.5196 81.0203 17.9349 63.0853 13.8466 15.9136 59.0464 57.2079
internal_count=2251 1234 1017 589 276 202 128 813 314 499 95 287 426 411
is_linear=0
shrinkage=0.08


Tree=30
num_leaves=15
num_cat=0
split_feature=6 1 10 9 2 2 6 12 11 14 0 1 4 13
split_gain=35.1957 10.114 7.01675 11.2802 6.84745 5.3919 6.35514 6.36295 5.16228 7.95214 3.61527 3.60513 3.91318 3.33442
threshold=0.58335000000000015 9.5000000000000018 0.68500000000000016 1.0000000180025095e-35 1.0000000180025095e-35 1.0000000180025095e-35 0.36665000000000009 2.5000000000000004 1.0000000180025095e-35 1.0000000180025095e-35 1.5000000000000002 14.500000000000002 1.0000000180025095e-35 1.0000000180025095e-35
decision_type=2 2 2 2 2 2 2 2 2 2 2 2 2 2
left_child=1 -1 3 -2 8 6 10 -8 9 13 -3 -12 -13 -5
right_child=2 5 -4 4 -6 -7 7 -9 -10 -11 11 12 -14 -15
leaf_value=-0.078554625101811534 0.084292279659025193 -0.084645763009830968 0.084292279659025193 -0.030966159920489959 0.087824314405264156 0.095677990691561798 -0.082531492697049777 0.086794085489296985 0.038489258014200119 0.066055210337766596 0.007225152771728611 -0.059384892561906266 0.07024325488925498 -0.10892889759886078
leaf_weight=21.290597103536129 15.126771602779625 3.7458604909479609 20.684531137347221 7.4468395709991544 4.7295541130006304 2.65388024970889 14.179094240069386 1.5784590467810637 7.5038454867899409 3.5628494881093493 44.212528616189957 10.766181163489815 1.7299116328358657 6.6428674682974815
leaf_count=421 313 73 428 54 74 30 280 22 74 33 271 116 21 41
internal_value=0.000221324 -0.029626 0.0457241 0.028001 -0.000490805 -0.0164173 -0.0203207 -0.0655699 -0.0170946 -0.0407225 -0.00852646 -0.00349844 -0.0414397 -0.0677232
internal_weight=165.854 100.157 65.6973 45.0127 29.886 78.8659 76.212 15.7576 25.1564 17.6526 60.4545 56.7086 12.4961 14.0897
internal_count=2251 1234 1017 589 276 813 783 302 202 128 481 408 137 95
is_linear=0
shrinkage=0.08


Tree=31
num_leaves=15
num_cat=0
split_feature=6 1 10 9 2 6 12 11 14 0 4 15 6 1
split_gain=31.2906 9.472 6.7867 10.5573 6.19661 4.91844 6.15279 4.38616 6.74465 3.5842 3.32212 3.2465 2.98512 2.76751
threshold=0.58335000000000015 9.5000000000000018 0.68500000000000016 1.0000000180025095e-35 1.0000000180025095e-35 0.36665000000000009 2.5000000000000004 1.0000000180025095e-35 1.0000000180025095e-35 1.5000000000000002 1.5000000000000002 1.0000000180025095e-35 1.4166500000000002 9.5000000000000018
decision_type=2 2 2 2 2 2 2 2 2 2 2 2 2 2
left_child=1 -1 3 -2 7 9 10 8 12 -3 -7 -11 -5 -9
right_child=2 5 -4 4 -6 6 -8 13 -10 11 -12 -13 -14 -15
leaf_value=-0.077413428970504641 0.083945301021457586 -0.084269270360742526 0.083945301021457586 -0.073768881401294145 0.087213034405469264 -0.082641028471894917 0.086067566753967692 -0.10527261877712646 0.062616084813227377 0.0027045601331832374 0.093314983537216276 -0.10954010757437295 0.052024451892703411 0.052762547704015506
leaf_weight=19.931793160736561 14.019140485674141 3.4726852588355532 19.169942900538445 12.838406145572671 4.3952844180166712 13.137123018503184 1.7421619743108756 0.79423225671052833 3.4621299505233756 56.161413498222828 0.72461051121354181 1.6990546397864807 1.3326530382037152 6.6231940761208534
leaf_count=421 313 73 428 83 74 279 27 8 33 411 8 15 12 66
internal_value=0.000227728 -0.0282646 0.0442928 0.0268044 -0.000400311 -0.0155318 -0.0556338 -0.0157726 -0.0374838 -0.00532931 -0.0734431 -0.00059147 -0.0619392 0.0358407
internal_weight=159.504 96.8688 62.635 43.465 29.4459 76.937 15.6039 25.0506 17.6332 61.3332 13.8617 57.8605 14.1711 7.41743
internal_count=2251 1234 1017 589 276 813 314 202 128 499 287 426 95 74
is_linear=0
shrinkage=0.08


Tree=32
num_leaves=15
num_cat=0
split_feature=6 1 10 9 2 10 6 12 13 14 0 1 0 4
split_gain=27.7609 8.88888 6.55193 9.87386 5.61445 4.74133 5.03648 5.31155 3.99467 4.29307 3.74654 3.60173 3.60381 2.57718
threshold=0.58335000000000015 9.5000000000000018 0.68500000000000016 1.0000000180025095e-35 1.0000000180025095e-35 0.68500000000000016 0.36665000000000009 2.5000000000000004 1.0000000180025095e-35 1.0000000180025095e-35 2.5000000000000004 14.500000000000002 1.5000000000000002 1.5000000000000002
decision_type=2 2 2 2 2 2 2 2 2 2 2 2 2 2
left_child=1 -1 3 -2 8 6 11 13 10 -10 -5 12 -3 -8
right_child=2 5 -4 4 -6 -7 7 -9 9 -11 -12 -13 -14 -15
leaf_value=-0.076247070275158424 0.08362762853776104 -0.083940231771783141 0.08362762853776104 0.029908854133031824 0.086650876985424244 0.089665666384981593 -0.085824859675779366 0.085663336543742474 -0.074110996811413449 0.096119829013476876 -0.070825385037986438 -0.048478497187237991 0.0071935763200805915 0.094388759216014875
leaf_weight=18.669524651020765 12.988458253443239 2.961955737322568 17.760575503110886 12.419772878289224 4.0826105177402487 2.6917189396917811 12.014571283012623 1.4079802259802825 8.5013688877224904 1.0671562589704997 2.9181606173515329 11.45434759929776 44.483637452125549 0.53028102219104845
leaf_count=421 313 67 428 111 74 40 278 23 58 11 22 129 271 5
internal_value=0.000233811 -0.0268171 0.0428963 0.0256629 -0.000307942 -0.0146013 -0.0184537 -0.0616709 -0.014562 -0.0551255 0.0107434 -0.00821597 0.00150423 -0.0782071
internal_weight=153.952 94.214 59.7381 41.9775 28.9891 75.5445 72.8528 13.9528 24.9065 9.56853 15.3379 58.8999 47.4456 12.5449
internal_count=2251 1234 1017 589 276 813 773 306 202 69 133 467 338 283
is_linear=0
shrinkage=0.08


Tree=33
num_leaves=15
num_cat=0
split_feature=6 1 10 9 2 2 6 12 11 14 15 10 1 15
split_gain=24.6799 8.29653 6.29731 9.22335 5.09914 4.39437 5.29856 4.89318 3.74038 5.31009 2.98786 2.74792 2.98343 2.733
threshold=0.58335000000000015 9.5000000000000018 0.68500000000000016 1.0000000180025095e-35 1.0000000180025095e-35 1.0000000180025095e-35 0.36665000000000009 2.5000000000000004 1.0000000180025095e-35 1.0000000180025095e-35 1.0000000180025095e-35 0.67500000000000016 12.500000000000002 1.0000000180025095e-35
decision_type=2 2 2 2 2 2 2 2 2 2 2 2 2 2
left_child=1 -1 3 -2 8 6 10 -8 9 11 -3 12 -5 -11
right_child=2 5 -4 4 -6 -7 7 -9 -10 13 -12 -13 -14 -15
leaf_value=-0.075051863381057321 0.083336600690477561 -0.0037480939644068162 0.083336600690477561 -0.083014469535087065 0.086133609044326293 0.094716283818660527 -0.080651782481043224 0.085247384493217726 0.035323518324122137 0.094070006916286975 -0.10193532200575646 -0.097372603586968837 0.013604925811589081 -0.091344812780245047
leaf_weight=17.497584320604801 12.030027028173206 56.777213495224714 16.450005009770393 3.4464444965124219 3.7904369123280039 2.3140749409794799 11.439685218036171 1.2635185532271869 7.1229085363447657 2.6444046869873996 2.0552930310368529 5.7357041090726844 5.0311693027615547 0.62999035418033589
leaf_count=421 313 454 428 31 74 30 280 22 74 27 27 24 40 6
internal_value=0.000238127 -0.025521 0.0416057 0.0246268 -0.000241311 -0.0137854 -0.0172953 -0.0641507 -0.0135445 -0.0334488 -0.00717823 -0.0546077 -0.0256742 0.0583964
internal_weight=148.228 91.3474 56.8811 40.4311 28.4011 73.8498 71.5357 12.7032 24.6106 17.4877 58.8325 14.2133 8.47761 3.2744
internal_count=2251 1234 1017 589 276 813 783 302 202 128 481 95 71 33
is_linear=0
shrinkage=0.08


Tree=34
num_leaves=15
num_cat=0
split_feature=10 9 0 2 10 10 15 12 14 1 4 14 1 1
split_gain=21.9419 15.6247 9.77185 6.94781 6.74132 5.89179 4.27232 3.60835 3.59805 3.01144 2.63789 4.79845 6.05089 4.88254
threshold=0.68500000000000016 1.0000000180025095e-35 1.5000000000000002 1.0000000180025095e-35 0.67500000000000016 1.0000000180025095e-35 1.0000000180025095e-35 1.5000000000000002 1.0000000180025095e-35 9.5000000000000018 1.0000000180025095e-35 1.0000000180025095e-35 11.500000000000002 11.500000000000002
decision_type=2 2 2 2 2 2 2 2 2 2 2 2 2 2
left_child=1 -1 5 4 6 -3 7 -4 -6 -9 11 13 -13 -11
right_child=-2 2 3 -5 8 -7 -8 9 -10 10 -12 12 -14 -15
leaf_value=0.07720719540928643 0.083806500098641379 -0.083431050417983932 -0.015689140945915895 0.088067764758920516 -0.078305660823678971 0.14648252236667436 -0.10152106462315968 -0.10340470929609751 0.10069649594107881 0.035707385929094206 0.067683821390199642 -0.17706389466062533 0.04443914014794121 -0.13766581113990584
leaf_weight=11.547163795679806 17.639063492417336 17.523223850876096 47.81324265897274 4.3913070149719706 12.396381702274081 0.74361321330070396 2.8889520578086367 1.1984702236950422 0.7629008963704117 1.8051822483539623 7.1675251126289359 0.8358565606176861 14.169395595788954 2.4512369148433208
leaf_count=325 468 473 416 82 213 3 31 13 6 12 86 9 96 18
internal_value=0.000251353 -0.0114742 -0.0204452 -0.0102285 -0.0149465 -0.0740716 -0.00604568 -0.00238953 -0.0679281 0.0206272 0.0262516 0.0108341 0.0321005 -0.0641368
internal_weight=143.334 125.694 114.147 95.8805 91.4891 18.2668 78.3299 75.4409 13.1593 27.6277 26.4292 19.2617 15.0053 4.25642
internal_count=2251 1783 1458 982 900 476 681 650 219 234 221 135 105 30
is_linear=0
shrinkage=0.08


Tree=35
num_leaves=15
num_cat=0
split_feature=10 9 1 11 10 15 4 13 14 10 2 0 1 0
split_gain=20.0723 14.0373 9.22669 6.41863 4.56618 3.1971 3.02002 3.93205 2.98734 2.7685 2.31839 1.86763 5.34605 1.83931
threshold=0.68500000000000016 1.0000000180025095e-35 9.5000000000000018 1.0000000180025095e-35 0.67500000000000016 1.0000000180025095e-35 1.0000000180025095e-35 1.0000000180025095e-35 1.0000000180025095e-35 1.0000000180025095e-35 1.0000000180025095e-35 2.5000000000000004 16.500000000000004 1.5000000000000002
decision_type=2 2 2 2 2 2 2 2 2 2 2 2 2 2
left_child=1 -1 9 4 10 6 7 11 -6 -3 13 12 -5 -4
right_child=-2 2 3 5 8 -7 -8 -9 -10 -11 -12 -13 -14 -15
leaf_value=0.076112382381835472 0.083521016039682081 -0.084339144296776192 -0.083701373848794308 0.027575083701043408 -0.07634531268269891 -0.11518625972673376 0.066460560040734085 -0.091601021097743665 0.10055618838602584 0.040573274438798691 0.087078803788360026 0.14601390278756576 -0.16518578493097852 -0.012875203338806538
leaf_weight=10.806605674326418 16.336305171251297 15.097424022853374 2.4652096629142752 15.927534919232144 11.869559977203604 1.0593981333076943 8.437346547842024 2.1971198543906203 0.64409779012203294 1.2279291450977332 1.427539151161908 0.74311874806880851 0.97732315957546312 48.791556518524885
leaf_count=325 468 423 63 120 206 8 125 25 4 6 31 3 4 440
internal_value=0.000257523 -0.0109219 -0.0194056 -0.00981511 -0.0237991 0.0212575 0.0263683 0.00932273 -0.0672399 -0.0749437 -0.0134809 0.0218874 0.016431 -0.0162816
internal_weight=138.008 121.672 110.865 94.5398 65.198 29.3418 28.2824 19.8451 12.5137 16.3254 52.6843 17.648 16.9049 51.2568
internal_count=2251 1783 1458 1029 744 285 277 152 210 429 534 127 124 503
is_linear=0
shrinkage=0.08


Tree=36
num_leaves=15
num_cat=0
split_feature=10 9 1 2 10 10 15 14 10 0 6 5 6 5
split_gain=18.3664 12.5917 8.63217 5.906 5.24318 3.8499 3.47948 2.814 2.60168 2.45251 2.1544 2.57006 2.40992 6.78118
threshold=0.68500000000000016 1.0000000180025095e-35 9.5000000000000018 1.0000000180025095e-35 0.67500000000000016 1.0000000180025095e-35 1.0000000180025095e-35 1.0000000180025095e-35 1.0000000180025095e-35 1.5000000000000002 1.4166500000000002 1.5000000000000002 0.90000000000000013 1.0000000180025095e-35
decision_type=2 2 2 2 2 2 2 2 2 2 2 2 2 2
left_child=1 -1 8 4 5 6 9 -6 -3 -4 11 12 13 -11
right_child=-2 2 3 -5 7 -7 -8 -9 -10 10 -12 -13 -14 -15
leaf_value=0.074929041503660157 0.083257412923577481 -0.084034653325835887 -0.083597554700271248 0.087362563934283863 -0.071029501540824574 0.084761323251247203 -0.097632706849317435 0.097003725445606467 0.037119907066161896 0.00061388123154218846 0.097766908581947587 -0.10384519209810357 0.038351589391877501 -0.093812321759901812
leaf_weight=10.127033950760959 15.126117773354052 13.9851288087666 2.5001644268631926 3.8835959993302813 11.657465038821098 2.9014115110039702 2.7409008815884581 0.67476186901331026 1.2345021218061454 52.001143578439951 1.3333222717046727 1.6400368474423874 8.1154537275433523 5.3700874447822562
leaf_count=325 468 423 66 82 213 59 37 6 6 376 10 12 65 103
internal_value=0.000256707 -0.0103681 -0.0183635 -0.00920662 -0.0134236 -0.00562976 -0.00918822 -0.0618355 -0.0742075 -0.00577197 -0.00292977 -0.00492989 -0.00245267 -0.00822464
internal_weight=133.291 118.165 108.038 92.8183 88.9347 76.6025 73.7011 12.3322 15.2196 70.9602 68.46 67.1267 65.4867 57.3712
internal_count=2251 1783 1458 1029 947 728 669 219 429 632 566 556 544 479
is_linear=0
shrinkage=0.08


Tree=37
num_leaves=15
num_cat=0
split_feature=10 9 1 2 10 10 15 14 10 0 11 4 6 5
split_gain=16.8178 11.2934 8.05383 5.34951 4.58426 3.50484 3.19712 2.47455 2.4514 2.27107 2.16962 2.05495 1.94769 2.33065
threshold=0.68500000000000016 1.0000000180025095e-35 9.5000000000000018 1.0000000180025095e-35 0.67500000000000016 1.0000000180025095e-35 1.0000000180025095e-35 1.0000000180025095e-35 1.0000000180025095e-35 1.5000000000000002 1.0000000180025095e-35 1.0000000180025095e-35 1.4166500000000002 1.5000000000000002
decision_type=2 2 2 2 2 2 2 2 2 2 2 2 2 2
left_child=1 11 8 4 5 6 9 10 -3 -4 -6 -1 13 -11
right_child=-2 2 3 -5 7 -7 -8 -9 -10 12 -12 -13 -14 -15
leaf_value=-0.083670014295716424 0.083013876199204265 -0.083751672700914645 -0.083312335306845786 0.086811460979605307 -0.0751350198212547 0.084378398989749193 -0.096408827740868744 0.095475961479841179 0.033991319527184774 -0.0022921331926362689 0.085202140012758665 0.082443340723044878 0.096184506757958005 -0.10174572683971558
leaf_weight=0.50326815247535428 14.002468129619954 12.9517518132925 2.3155227787792674 3.6068448368459931 10.794777048751707 2.6900007538497439 2.5609821025282136 0.63244182616472322 1.2400318086147315 64.946952249854803 0.56857548281550485 9.0013416334986687 1.2502296343445767 1.5438998974859703
leaf_count=12 468 423 66 82 203 59 37 6 6 544 10 313 10 12
internal_value=0.000250004 -0.00986196 -0.0174139 -0.00866413 -0.0126086 -0.00529209 -0.00861379 -0.0585404 -0.0734637 -0.00540436 -0.0671124 0.0736477 -0.00274131 -0.00460142
internal_weight=128.609 114.607 105.102 90.9102 87.3034 75.3076 72.6176 11.9958 14.1918 70.0566 11.3634 9.50461 67.7411 66.4909
internal_count=2251 1783 1458 1029 947 728 669 219 429 632 213 325 566 556
is_linear=0
shrinkage=0.08


Tree=38
num_leaves=15
num_cat=0
split_feature=10 9 1 11 10 15 4 14 1 1 1 13 10 0
split_gain=15.3972 10.2292 7.52054 4.97339 3.09405 2.39632 2.54285 3.62182 5.36747 3.25082 2.58368 2.36744 2.31555 2.15316
threshold=0.68500000000000016 1.0000000180025095e-35 9.5000000000000018 1.0000000180025095e-35 0.67500000000000016 1.0000000180025095e-35 1.0000000180025095e-35 1.0000000180025095e-35 11.500000000000002 12.500000000000002 11.500000000000002 1.0000000180025095e-35 1.0000000180025095e-35 2.5000000000000004
decision_type=2 2 2 2 2 2 2 2 2 2 2 2 2 2
left_child=1 -1 12 4 -4 6 7 10 -9 -10 11 -5 -3 -11
right_child=-2 2 3 5 -6 -7 -8 8 9 13 -12 -13 -14 -15
leaf_value=0.073470735479526747 0.082788754876757173 -0.083488513193159336 -0.012206209627249647 0.085672668920506401 -0.058425343655846826 -0.10760824758110292 0.064409795867575059 -0.17166842021714881 0.085249607899986604 -0.007447225571811108 -0.10170973010288629 -0.0892162193512573 0.031149870068804552 0.13714144741178008
leaf_weight=8.7941755056381208 12.959629356861113 11.9921315703541 50.631149681285024 1.2543382197618567 11.347109349444507 0.90786927379667659 7.3993240203708401 0.80294495448470193 5.9919881522655469 6.8652736991643906 2.7460119277238846 0.81870525144040573 1.2446879446506507 0.72916366159915913
leaf_count=325 468 423 534 9 210 8 125 9 44 49 25 13 6 3
internal_value=0.000252919 -0.00933807 -0.0164268 -0.00810232 -0.0206681 0.0202018 0.0245627 0.00921316 0.0293165 0.0411945 -0.050814 0.016604 -0.0727088 0.00643515
internal_weight=124.485 111.525 102.731 89.4939 61.9783 27.5156 26.6077 19.2084 14.3894 13.5864 4.81906 2.07304 13.2368 7.59444
internal_count=2251 1783 1458 1029 744 285 277 152 105 96 47 22 429 52
is_linear=0
shrinkage=0.08


Tree=39
num_leaves=15
num_cat=0
split_feature=10 9 1 2 11 10 14 10 4 15 4 14 1 1
split_gain=14.0958 9.14827 7.01909 4.78028 3.62421 2.97904 2.23788 2.1923 2.01061 1.98323 1.6796 4.07178 4.49449 3.44448
threshold=0.68500000000000016 1.0000000180025095e-35 9.5000000000000018 1.0000000180025095e-35 1.0000000180025095e-35 0.67500000000000016 1.0000000180025095e-35 1.0000000180025095e-35 1.0000000180025095e-35 1.0000000180025095e-35 1.0000000180025095e-35 1.0000000180025095e-35 11.500000000000002 11.500000000000002
decision_type=2 2 2 2 2 2 2 2 2 2 2 2 2 2
left_child=1 8 7 4 5 -4 -7 -3 -1 10 11 13 -13 -6
right_child=-2 2 3 -5 9 6 -8 -9 -10 -11 -12 12 -14 -15
leaf_value=-0.083632769527630949 0.082580576998941377 -0.083243650591114909 -0.013557238863731995 0.086656664743836653 0.01596814062987752 -0.068566204863532376 0.096277373581726236 0.028563858275020781 0.082090598223501537 -0.1053110421594967 0.056494847824909177 -0.15367944126227273 0.038835047007676857 -0.12793283765811833
leaf_weight=0.49860504269599726 11.992180831730364 11.10137588344514 49.228517962619662 3.3178357332944861 1.978455903008588 10.193847695365545 0.5558148920536049 1.2486116141080863 7.7681731674820185 0.85559969581663509 5.7191022168844929 0.82427006959915239 13.288932830095289 2.3046943955123425
leaf_count=12 468 423 503 82 22 203 4 6 313 8 80 9 96 22
internal_value=0.000262047 -0.0088043 -0.0154511 -0.00754739 -0.0112267 -0.0218887 -0.0600429 -0.0719397 0.0720951 0.0143824 0.0186291 0.00685729 0.0275914 -0.0614627
internal_weight=120.876 108.884 100.617 88.2671 84.9492 59.9782 10.7497 12.35 8.26678 24.9711 24.1155 18.3964 14.1132 4.28315
internal_count=2251 1783 1458 1029 947 710 207 429 325 237 229 149 105 44
is_linear=0
shrinkage=0.08


Tree=40
num_leaves=15
num_cat=0
split_feature=10 9 1 2 10 10 15 10 0 14 4 6 5 6
split_gain=12.9142 8.29699 6.53253 4.33495 3.11994 3.13757 2.66493 2.0801 2.06054 1.95545 1.85185 1.74267 2.22643 1.90227
threshold=0.68500000000000016 1.0000000180025095e-35 9.5000000000000018 1.0000000180025095e-35 0.67500000000000016 1.0000000180025095e-35 1.0000000180025095e-35 1.0000000180025095e-35 1.5000000000000002 1.0000000180025095e-35 1.0000000180025095e-35 1.4166500000000002 1.5000000000000002 0.90000000000000013
decision_type=2 2 2 2 2 2 2 2 2 2 2 2 2 2
left_child=1 10 7 4 5 6 8 -3 -4 -6 -1 12 13 -10
right_child=-2 2 3 -5 9 -7 -8 -9 11 -11 -12 -13 -14 -15
leaf_value=-0.083341313816722898 0.082387976021792403 -0.083015699322681893 -0.083047030236382921 0.086160317571984266 -0.058268796710291698 0.084215420705173183 -0.093129179947102 0.026206237112336307 -0.0069637109143113564 0.093657491551680502 0.081925837976723037 0.094875406947152949 -0.10062814497520012 0.035180727722138275
leaf_weight=0.46181465685367484 11.095006970688699 10.274860708042976 2.0863999314606181 3.0796754434704772 10.365612350404259 2.4651026409119359 2.2570659853518 1.2519201189279563 55.528772542253137 0.57212771847844202 7.1847635433077812 1.1603840962052334 1.4921060204505909 7.8196838647127143
leaf_count=12 468 423 66 82 213 59 37 6 479 6 313 10 12 65
internal_value=0.000268907 -0.00832646 -0.0145672 -0.00705507 -0.0104829 -0.00449815 -0.00760697 -0.0711531 -0.00477195 -0.0503219 0.0719445 -0.00229754 -0.00403655 -0.00176143
internal_weight=117.095 106 98.3537 86.8269 83.7473 72.8095 70.3444 11.5268 68.0873 10.9377 7.64658 66.0009 64.8406 63.3485
internal_count=2251 1783 1458 1029 947 728 669 429 632 219 325 566 556 544
is_linear=0
shrinkage=0.08


Tree=41
num_leaves=15
num_cat=0
split_feature=10 9 1 2 11 10 10 14 4 6 14 1 1 6
split_gain=11.8368 7.53103 6.0694 3.93529 3.02748 2.33688 1.97761 1.75507 1.70594 1.64706 2.8347 3.07753 2.99306 2.7898
threshold=0.68500000000000016 1.0000000180025095e-35 9.5000000000000018 1.0000000180025095e-35 1.0000000180025095e-35 0.67500000000000016 1.0000000180025095e-35 1.0000000180025095e-35 1.0000000180025095e-35 0.90000000000000013 1.0000000180025095e-35 11.500000000000002 12.500000000000002 0.36665000000000009
decision_type=2 2 2 2 2 2 2 2 2 2 2 2 2 2
left_child=1 8 6 4 5 -4 -3 -7 -1 10 -6 13 -13 -12
right_child=-2 2 3 -5 9 7 -8 -9 -10 -11 11 12 -14 -15
leaf_value=-0.083074130432328211 0.082209759395236198 -0.082803417470827839 -0.012315160504655916 0.085700085945793203 -0.048032834790819802 -0.062076228627005688 0.024053733753896789 0.093473319125449483 0.081774351026693018 0.060442962960451131 -0.2617024679842978 0.074165718569781616 -0.00024879894772578094 0.0097737694744792422
leaf_weight=0.42762404680251975 10.263284867629407 9.5082228183746302 48.277380805462599 2.8575458768755189 4.934597142040734 9.6388756167143548 1.2547115832567222 0.48772476613521654 6.6441606935113668 4.0691813379526129 0.45054895430803377 5.9968032389879218 8.1748643107712251 0.52405308559536934
leaf_count=12 468 423 503 82 54 203 6 4 313 55 4 51 63 10
internal_value=0.000271919 -0.00787318 -0.0137321 -0.00659795 -0.00979278 -0.0196442 -0.0703463 -0.0545845 0.0718061 0.0140317 0.00462693 0.0217833 0.03124 -0.115727
internal_weight=113.51 103.246 96.1745 85.4116 82.554 58.404 10.7629 10.1266 7.07178 24.15 20.0809 15.1463 14.1717 0.974602
internal_count=2251 1783 1458 1029 947 710 429 207 325 237 182 128 114 14
is_linear=0
shrinkage=0.08


Tree=42
num_leaves=15
num_cat=0
split_feature=10 9 1 2 1 7 0 10 6 0 11 6 14 1
split_gain=10.8476 6.83414 5.63805 3.57284 2.81076 2.34395 2.29413 1.88365 1.80343 1.82672 1.84995 2.13944 4.56518 5.8275
threshold=0.68500000000000016 1.0000000180025095e-35 9.5000000000000018 1.0000000180025095e-35 15.500000000000002 0.70835000000000015 1.5000000000000002 1.0000000180025095e-35 1.4166500000000002 2.5000000000000004 1.0000000180025095e-35 0.36665000000000009 1.0000000180025095e-35 11.500000000000002
decision_type=2 2 2 2 2 2 2 2 2 2 2 2 2 2
left_child=1 -1 7 4 6 -6 -4 -3 9 10 11 12 13 -8
right_child=-2 2 3 -5 5 -7 8 -9 -10 -11 -12 -13 -14 -15
leaf_value=0.07167884293239235 0.082044799228871132 -0.082605679824761094 -0.082824060836390989 0.085273441065522454 0.059382026184698004 -0.045647300295773352 -0.10200520625074168 0.022086123920044158 0.091870164213609787 -0.072734394199136826 0.023341829988619361 -0.033660097059649327 -0.011240506818601934 0.11046290343540846
leaf_weight=6.539242720231413 9.4924824684858304 8.7973547801375354 2.1301563633605829 2.6505092643201342 1.481827020645144 16.527492370456457 1.0151306390762354 1.2570678591728217 1.3852407857775677 2.1575396955013266 18.218620181083679 13.26930323243141 20.983636278659105 4.4386458620429039
leaf_count=325 468 423 75 82 12 270 6 6 18 17 168 230 126 25
internal_value=0.000286105 -0.00740928 -0.0128929 -0.0061361 -0.00910497 -0.0370054 -0.00120432 -0.0695164 0.00162418 -0.000456487 0.00223564 -0.0074485 0.00570746 0.0709155
internal_weight=110.344 100.852 94.3125 84.2581 81.6076 18.0093 63.5983 10.0544 61.4681 60.0829 57.9253 39.7067 26.4374 5.45378
internal_count=2251 1783 1458 1029 947 282 665 429 590 572 555 387 157 31
is_linear=0
shrinkage=0.08


Tree=43
num_leaves=15
num_cat=0
split_feature=10 9 1 2 12 10 15 0 10 4 6 5 7 1
split_gain=9.95107 6.11615 5.22327 3.24927 2.57572 2.64187 2.48765 1.80887 1.7972 1.66738 1.64986 6.25272 1.82728 3.25678
threshold=0.68500000000000016 1.0000000180025095e-35 9.5000000000000018 1.0000000180025095e-35 2.5000000000000004 0.67500000000000016 1.0000000180025095e-35 1.5000000000000002 1.0000000180025095e-35 1.0000000180025095e-35 0.90000000000000013 1.0000000180025095e-35 0.87500000000000011 14.500000000000002
decision_type=2 2 2 2 2 2 2 2 2 2 2 2 2 2
left_child=1 9 8 4 5 6 7 -4 -3 -1 11 12 -9 -14
right_child=-2 2 3 -5 -6 -7 -8 10 -10 -11 -12 -13 13 -15
leaf_value=-0.083039300132684138 0.08189208006846492 -0.082421446063681875 -0.082579917858957533 0.084878023829928081 0.083608896640867375 -0.049904615499950192 -0.09271253586998375 0.10542575628458409 0.020285712124950391 0.081521935309392057 0.028439259389691 -0.092256139894622557 0.0094795181848239905 -0.045676489196233384
leaf_weight=0.42313353717327018 8.7783445585519058 8.1383989229798281 1.7626118417829264 2.4576641246676436 1.8974044136703003 9.6599234566092473 2.0200112136080852 1.07863538712263 1.2590576559305198 5.7343144342303276 10.599081316962836 4.9020275436341754 40.531136373057961 8.245250999927519
leaf_count=12 468 423 66 82 52 207 37 7 6 313 100 107 265 106
internal_value=0.000268035 -0.00699094 -0.0121274 -0.00573834 -0.00849814 -0.010716 -0.00524064 -0.00260808 -0.0686609 0.0702135 -0.000451291 -0.00604351 0.00243341 0.000155844
internal_weight=107.487 98.7087 92.5512 83.1537 80.6961 78.7987 69.1388 67.1187 9.39746 6.15745 65.3561 54.7571 49.855 48.7764
internal_count=2251 1783 1458 1029 947 895 688 651 429 325 585 485 378 371
is_linear=0
shrinkage=0.08


Tree=44
num_leaves=15
num_cat=0
split_feature=10 9 1 2 12 10 15 10 0 4 14 6 5 7
split_gain=9.1349 5.56687 4.82422 2.96001 2.34064 2.28741 2.28373 1.71737 1.66878 1.53658 1.53102 1.41956 5.72955 1.64961
threshold=0.68500000000000016 1.0000000180025095e-35 9.5000000000000018 1.0000000180025095e-35 2.5000000000000004 0.67500000000000016 1.0000000180025095e-35 1.0000000180025095e-35 1.5000000000000002 1.0000000180025095e-35 1.0000000180025095e-35 0.90000000000000013 1.0000000180025095e-35 0.87500000000000011
decision_type=2 2 2 2 2 2 2 2 2 2 2 2 2 2
left_child=1 9 7 4 5 6 8 -3 -4 -1 -7 12 13 -10
right_child=-2 2 3 -5 -6 10 -8 -9 11 -11 -12 -13 -14 -15
leaf_value=-0.082797119923050652 0.081750687344937831 -0.082249796973005579 -0.082378417486632771 0.084511635493943554 0.083322463542024799 -0.05429037439344285 -0.091826767052587341 0.018636877924922485 0.1030437570082937 0.081402780797738022 0.093082050506615555 0.026559709296513186 -0.091409564242941013 0.00013394342674686308
leaf_weight=0.39169760048389335 8.116880511865018 7.5277326814830285 1.6309141498059023 2.2781463507562867 1.7573014944791783 8.9907334670424426 1.881961348466574 1.2607385069131849 1.017774112522601 5.3008731063455343 0.47499269247055131 10.447711853310464 4.565349366515874 48.590099584311247
leaf_count=12 468 423 66 82 52 203 37 6 7 313 4 100 107 371
internal_value=0.000253479 -0.00662886 -0.0114596 -0.00539665 -0.00797771 -0.0100453 -0.00492577 -0.0677772 -0.00245724 0.0701044 -0.0468952 -0.00044018 -0.00564731 0.00224528
internal_weight=104.233 96.116 90.4235 81.635 79.3568 77.5995 68.1338 8.78847 66.2518 5.69257 9.46573 64.6209 54.1732 49.6079
internal_count=2251 1783 1458 1029 947 895 688 429 651 325 207 585 485 378
is_linear=0
shrinkage=0.08


Tree=45
num_leaves=15
num_cat=0
split_feature=10 9 1 2 1 1 10 10 11 4 13 7 6 6
split_gain=8.38603 5.06734 4.45247 2.69737 2.20434 1.81636 1.77242 1.64337 1.58793 1.82134 1.67437 1.52759 1.62869 1.4793
threshold=0.68500000000000016 1.0000000180025095e-35 9.5000000000000018 1.0000000180025095e-35 15.500000000000002 13.500000000000002 0.67500000000000016 1.0000000180025095e-35 1.0000000180025095e-35 1.0000000180025095e-35 1.0000000180025095e-35 0.70835000000000015 0.90000000000000013 0.36665000000000009
decision_type=2 2 2 2 2 2 2 2 2 2 2 2 2 2
left_child=1 -1 7 4 5 8 -7 -3 13 10 -10 -6 -13 -4
right_child=-2 2 3 -5 11 6 -8 -9 9 -11 -12 12 -14 -15
leaf_value=0.070004096078377528 0.081619761043094249 -0.082089853653471823 -0.008144371700025679 0.08417222195528061 0.049767815912472931 0.04090335610575329 -0.023645247727733822 0.01712577683336924 0.011072550899543829 0.086271423607110875 -0.088602833304417011 -0.055909508714208751 0.0032934404563149887 -0.047678833460460444
leaf_weight=5.2621719874441615 7.5043569635599843 6.9619636749848706 23.227761933580044 2.1111299926415077 1.3061902485787875 10.684982616454361 3.6534168794751158 1.2621588259935377 12.713618396781381 1.8925746418535698 1.1785745378583676 11.317321341484783 4.0339746251702318 8.194327721372245
leaf_count=325 468 423 183 82 12 94 74 6 107 34 20 234 36 153
internal_value=0.000243299 -0.00626712 -0.0108002 -0.00505939 -0.00746825 -0.00048068 0.0244564 -0.0668632 -0.00805496 0.0126465 0.00261637 -0.0332856 -0.0403523 -0.0184543
internal_weight=101.305 93.8002 88.538 80.3139 78.2027 61.5453 14.3384 8.22412 47.2069 15.7848 13.8922 16.6575 15.3513 31.4221
internal_count=2251 1783 1458 1029 947 665 168 429 497 161 127 282 270 336
is_linear=0
shrinkage=0.08


Tree=46
num_leaves=15
num_cat=0
split_feature=10 9 1 2 12 1 0 10 4 6 0 1 10 6
split_gain=7.69877 4.53089 4.10627 2.45879 2.02046 1.99537 1.71428 1.57452 1.49919 1.40305 1.71518 1.62244 2.38088 1.58163
threshold=0.68500000000000016 1.0000000180025095e-35 9.5000000000000018 1.0000000180025095e-35 2.5000000000000004 15.500000000000002 1.5000000000000002 1.0000000180025095e-35 1.0000000180025095e-35 1.4166500000000002 2.5000000000000004 13.500000000000002 0.67500000000000016 0.36665000000000009
decision_type=2 2 2 2 2 2 2 2 2 2 2 2 2 2
left_child=1 8 7 4 5 6 -4 -3 -1 10 11 13 -13 -8
right_child=-2 2 3 -5 -6 -7 9 -9 -10 -11 -12 12 -14 -15
leaf_value=-0.082761558950828248 0.081498517188577188 -0.081940838102589522 -0.082217934527662295 0.083857866313410967 0.082973302829128195 -0.034096860698409871 0.0013942374660501371 0.015740084991724766 0.081205692991340561 0.091841308639230526 -0.075704685305327188 0.047589100614304963 -0.031381079483215557 -0.036900904697748448
leaf_weight=0.38705089688300987 6.9372825575992456 6.4379165014252058 1.6638541901484121 1.9558275863528241 1.5660459510982025 15.821766953915356 34.092332403175533 1.2633592933416364 4.5782321514561772 1.0485466308891762 1.9285879414528597 9.1256575956940633 3.336799129843711 8.6545871775597316
leaf_count=12 468 423 75 82 52 270 228 6 313 11 15 75 67 154
internal_value=0.000234804 -0.00590221 -0.0101493 -0.00472615 -0.00696928 -0.00883065 -0.00215139 -0.0659167 0.0684242 0.000138124 -0.00154473 0.00104584 0.026445 -0.00635904
internal_weight=98.7978 91.8606 86.8953 79.194 77.2382 75.6721 59.8504 7.70128 4.96528 58.1865 57.138 55.2094 12.4625 42.7469
internal_count=2251 1783 1458 1029 947 895 625 429 325 550 539 524 142 382
is_linear=0
shrinkage=0.08


Tree=47
num_leaves=15
num_cat=0
split_feature=10 9 1 2 15 11 10 4 10 5 13 6 10 5
split_gain=7.0675 4.12298 3.78503 2.24164 1.89806 1.8784 1.51021 1.382 1.3453 1.65556 1.10761 1.85681 1.09759 1.0444
threshold=0.68500000000000016 1.0000000180025095e-35 9.5000000000000018 1.0000000180025095e-35 1.0000000180025095e-35 1.0000000180025095e-35 1.0000000180025095e-35 1.0000000180025095e-35 0.67500000000000016 1.0000000180025095e-35 1.0000000180025095e-35 0.90000000000000013 0.52500000000000013 1.5000000000000002
decision_type=2 2 2 2 2 2 2 2 2 2 2 2 2 2
left_child=1 7 6 4 5 8 -3 -1 12 -10 13 -12 -4 -7
right_child=-2 2 3 -5 -6 10 -8 -9 9 -11 11 -13 -14 -15
leaf_value=-0.082542210293657645 0.08138624454995988 -0.08180201514676877 -0.0086849930352652354 0.083566782430670256 -0.090934601354428171 0.026286274258246901 0.014468741588535609 0.081111651884804528 -0.087540392498392364 -0.015454074035034598 -0.073875642749456627 0.072666303361385465 0.084315689829493556 -0.066132547024451732
leaf_weight=0.35820389539003272 6.4123949594795695 5.9526232108473769 43.633759200572968 1.8114900905638922 1.6657632654532779 17.981729263439782 1.2643741518259046 4.2309421971440315 3.1590479128062707 5.7510084435343742 1.9514656672254198 0.77241484634578217 0.82757484912872215 0.81818320415913959
leaf_count=12 468 423 455 82 37 177 6 313 180 27 28 14 19 10
internal_value=0.000234799 -0.0055357 -0.00949665 -0.00439147 -0.00647263 -0.00459409 -0.064936 0.0683377 -0.0126398 -0.0410122 0.0153563 -0.0323205 -0.00695394 0.0222642
internal_weight=96.591 90.1786 85.5894 78.3724 76.5609 74.8952 7.217 4.58915 53.3714 8.91006 21.5238 2.72388 44.4613 18.7999
internal_count=2251 1783 1458 1029 947 910 429 325 681 207 229 42 474 187
is_linear=0
shrinkage=0.08


Tree=48
num_leaves=15
num_cat=0
split_feature=10 9 1 2 12 15 10 5 10 0 4 6 5 6
split_gain=6.49269 3.75808 3.47866 2.04673 1.78173 1.68086 1.66656 1.61635 1.44988 1.42101 1.27411 1.22448 2.0165 1.71135
threshold=0.68500000000000016 1.0000000180025095e-35 9.5000000000000018 1.0000000180025095e-35 2.5000000000000004 1.0000000180025095e-35 0.67500000000000016 1.0000000180025095e-35 1.0000000180025095e-35 1.5000000000000002 1.0000000180025095e-35 1.4166500000000002 1.5000000000000002 0.90000000000000013
decision_type=2 2 2 2 2 2 2 2 2 2 2 2 2 2
left_child=1 10 8 4 5 6 9 -8 -3 -4 -1 12 13 -11
right_child=-2 2 3 -5 -6 -7 7 -9 -10 11 -12 -13 -14 -15
leaf_value=-0.082340799742763343 0.081282281017870175 -0.08167270990484525 -0.082085609395837061 0.083297299525723359 0.082689476306071943 -0.090180581382629424 -0.087355717379746359 -0.014256084229251214 0.013301817451276043 -0.0042895414231226428 0.081025044622283229 0.090724090296539231 -0.099368925369718419 0.03540676068810731
leaf_weight=0.33143985271453758 5.9266508780419818 5.5033110426738849 1.3713159067556251 1.6774065308272827 1.4209168851375569 1.5500282421708096 2.9220895553007704 5.7361832037568092 1.2652322798967359 52.293770965188742 3.9096573116257787 0.9427160955965509 1.3092522788792837 8.0159614868462068
leaf_count=12 468 423 66 82 52 37 180 27 6 481 313 11 12 81
internal_value=0.000226653 -0.00521689 -0.00892622 -0.00410716 -0.00604745 -0.00774809 -0.00598792 -0.0389266 -0.0639193 -0.00152713 0.0682581 0.00023866 -0.00114569 0.000986622
internal_weight=94.1759 88.2493 84.0082 77.2396 75.5622 74.1413 72.5913 8.65827 6.76854 63.933 4.2411 62.5617 61.619 60.3097
internal_count=2251 1783 1458 1029 947 895 858 207 429 651 325 585 574 562
is_linear=0
shrinkage=0.08


end of trees

feature_importances:
Column_10=123
Column_1=112
Column_6=86
Column_0=82
Column_2=43
Column_11=36
Column_4=34
Column_12=33
Column_7=25
Column_5=24
Column_13=24
Column_14=23
Column_15=21
Column_9=20

parameters:
[boosting: gbdt]
[objective: binary]
[metric: binary_logloss]
[tree_learner: serial]
[device_type: cpu]
[data_sample_strategy: bagging]
[data: ]
[valid: ]
[num_iterations: 150]
[learning_rate: 0.08]
[num_leaves: 15]
[num_threads: 0]
[seed: 0]
[deterministic: 0]
[force_col_wise: 0]
[force_row_wise: 0]
[histogram_pool_size: -1]
[max_depth: -1]
[min_data_in_leaf: 5]
[min_sum_hessian_in_leaf: 0.001]
[bagging_fraction: 1]
[pos_bagging_fraction: 1]
[neg_bagging_fraction: 1]
[bagging_freq: 0]
[bagging_seed: 3]
[bagging_by_query: 0]
[feature_fraction: 1]
[feature_fraction_bynode: 1]
[feature_fraction_seed: 2]
[extra_trees: 0]
[extra_seed: 6]
[early_stopping_round: 0]
[early_stopping_min_delta: 0]
[first_metric_only: 0]
[max_delta_step: 0]
[lambda_l1: 0]
[lambda_l2: 0]
[linear_lambda: 0]
[min_gain_to_split: 0]
[drop_rate: 0.1]
[max_drop: 50]
[skip_drop: 0.5]
[xgboost_dart_mode: 0]
[uniform_drop: 0]
[drop_seed: 4]
[top_rate: 0.2]
[other_rate: 0.1]
[min_data_per_group: 100]
[max_cat_threshold: 32]
[cat_l2: 10]
[cat_smooth: 10]
[max_cat_to_onehot: 4]
[top_k: 20]
[monotone_constraints: ]
[monotone_constraints_method: basic]
[monotone_penalty: 0]
[feature_contri: ]
[forcedsplits_filename: ]
[refit_decay_rate: 0.9]
[cegb_tradeoff: 1]
[cegb_penalty_split: 0]
[cegb_penalty_feature_lazy: ]
[cegb_penalty_feature_coupled: ]
[path_smooth: 0]
[interaction_constraints: ]
[verbosity: -1]
[saved_feature_importance_type: 0]
[use_quantized_grad: 0]
[num_grad_quant_bins: 4]
[quant_train_renew_leaf: 0]
[stochastic_rounding: 1]
[linear_tree: 0]
[max_bin: 255]
[max_bin_by_feature: ]
[min_data_in_bin: 3]
[bin_construct_sample_cnt: 200000]
[data_random_seed: 1]
[is_enable_sparse: 1]
[enable_bundle: 1]
[use_missing: 1]
[zero_as_missing: 0]
[feature_pre_filter: 0]
[pre_partition: 0]
[two_round: 0]
[header: 0]
[label_column: ]
[weight_column: ]
[group_column: ]
[ignore_column: ]
[categorical_feature: ]
[forcedbins_filename: ]
[precise_float_parser: 0]
[parser_config_file: ]
[objective_seed: 5]
[num_class: 1]
[is_unbalance: 0]
[scale_pos_weight: 1]
[sigmoid: 1]
[boost_from_average: 1]
[reg_sqrt: 0]
[alpha: 0.9]
[fair_c: 1]
[poisson_max_delta_step: 0.7]
[tweedie_variance_power: 1.5]
[lambdarank_truncation_level: 30]
[lambdarank_norm: 1]
[label_gain: ]
[lambdarank_position_bias_regularization: 0]
[eval_at: ]
[multi_error_top_k: 1]
[auc_mu_weights: ]
[num_machines: 1]
[local_listen_port: 12400]
[time_out: 120]
[machine_list_filename: ]
[machines: ]
[gpu_platform_id: -1]
[gpu_device_id: -1]
[gpu_device_id_list: ]
[gpu_use_dp: 0]
[num_gpu: 1]

end of parameters

pandas_categorical:null
