tree
version=v4
num_class=1
num_tree_per_iteration=1
label_index=0
max_feature_idx=18
objective=binary sigmoid:1
feature_names=Column_0 Column_1 Column_2 Column_3 Column_4 Column_5 Column_6 Column_7 Column_8 Column_9 Column_10 Column_11 Column_12 Column_13 Column_14 Column_15 Column_16 Column_17 Column_18
feature_infos=[1:7] [3:54] [0:1] [0:1] [0:3] [0:3] [0:2] [0.40000000000000002:1] [0:2] [0:0.90000000000000002] [0:0.84999999999999998] [0:0.5] [1:3] [0:1] [0:1] [0:1] [0:1] [0:1] [0:1]
tree_sizes=1739 1731 1736 1728 1737 1741 1750 1741 1750 1734 1755 1745 1753 1740 1751 1744 1741 1756 1746 1743 1758 1768 1756 1742 1754 1763 1757 1752 1754 1755 1750 1755 1757 1751 1749 1758 1758 1768 1751 1773 1746 1749 1745 1764 1738 1756 1749 1754 1750 1750 1767 1747 1755 1753

Tree=0
num_leaves=15
num_cat=0
split_feature=6 11 17 16 0 9 4 8 1 7 7 10 1 16
split_gain=817.239 875.462 424.442 372.745 166.632 98.1092 85.159 62.0295 77.4637 43.7986 34.915 32.5074 37.5951 31.8312
threshold=0.58335000000000015 1.0000000180025095e-35 1.0000000180025095e-35 1.0000000180025095e-35 1.5000000000000002 1.0000000180025095e-35 1.0000000180025095e-35 1.0000000180025095e-35 14.500000000000002 0.87500000000000011 0.87500000000000011 1.0000000180025095e-35 9.5000000000000018 1.0000000180025095e-35
decision_type=2 2 2 2 2 2 2 2 2 2 2 2 2 2
left_child=1 3 6 9 5 -3 -2 8 13 -1 -10 12 -8 -6
right_child=2 4 -4 -5 7 -7 11 -9 10 -11 -12 -13 -14 -15
leaf_value=-0.010345232160041698 -0.23222293990950688 -0.07960864357389591 -0.23222293990950688 0.065907313397268033 -0.014104529865802212 -0.23222293990950688 -0.23222293990950688 0.047844917419898089 0.088267082395276156 -0.21979934122537231 -0.10825981807463797 0.082690490400208275 0.029742817452663592 0.088267082395276156
leaf_weight=6.49006164073944 5.9908261299133292 188.7110230922699 34.197632491588593 32.200690448284149 155.51186162233353 31.451837182044983 3.9938840866088858 83.122712552547455 6.2404438853263846 412.1189141869545 79.378446221351624 243.87654703855515 28.706041872501373 22.215980231761932
leaf_count=26 24 756 137 129 623 126 16 333 25 1651 318 977 115 89
internal_value=-0.0782438 -0.113179 0.0339681 -0.196376 -0.0469882 -0.101411 0.0661838 -0.0124056 -0.031423 -0.216552 -0.0939357 0.0726475 -0.002253 -0.00130808
internal_weight=1334.21 1017.44 316.765 450.81 566.632 220.163 282.567 346.469 263.347 418.609 85.6189 276.576 32.6999 177.728
internal_count=5345 4076 1269 1806 2270 882 1132 1388 1055 1677 343 1108 131 712
is_linear=0
shrinkage=1


Tree=1
num_leaves=15
num_cat=0
split_feature=6 11 17 16 0 9 4 0 1 7 10 1 16 17
split_gain=693.378 748.714 360.118 318.552 140.94 84.2684 72.1463 57.0239 90.0341 37.6339 27.5128 33.2358 27.3602 22.1544
threshold=0.58335000000000015 1.0000000180025095e-35 1.0000000180025095e-35 1.0000000180025095e-35 1.5000000000000002 1.0000000180025095e-35 1.0000000180025095e-35 2.5000000000000004 14.500000000000002 0.87500000000000011 1.0000000180025095e-35 11.500000000000002 1.0000000180025095e-35 1.0000000180025095e-35
decision_type=2 2 2 2 2 2 2 2 2 2 2 2 2 2
left_child=1 3 6 9 5 -3 -2 8 12 13 11 -8 -6 -1
right_child=2 4 -4 -5 7 -7 10 -9 -10 -11 -12 -13 -14 -15
leaf_value=0.16083192190724233 -0.14342154932823539 -0.0012557026957245887 -0.14342154932823539 0.13254757350031068 0.059222070170277634 -0.14342154932823539 -0.072434152577024846 0.12193993395274566 -0.038439711690854 -0.13165936113291229 0.14807329745655884 0.11562612099959509 0.15324130435042263 -0.15917665185431726
leaf_weight=4.4998795688152304 5.9198302030563346 188.70086181163788 33.792364075779915 32.21500352025032 183.47599047422409 31.079108566045761 7.9456689357757559 75.658485949039459 65.315513551235199 407.80469033122063 243.83294452726841 24.744526952505112 22.206718027591705 1.9999464750289915
leaf_count=18 24 756 137 129 734 126 32 303 262 1651 977 99 89 8
internal_value=-2.34998e-05 -0.0323078 0.103389 -0.109773 0.0287579 -0.0213594 0.132918 0.0605322 0.0433881 -0.128615 0.138834 0.0699162 0.0693729 0.0623677
internal_weight=1329.19 1012.96 316.235 446.52 566.437 219.78 282.443 346.657 270.998 414.305 276.523 32.6902 205.683 6.49983
internal_count=5345 4076 1269 1806 2270 882 1132 1388 1085 1677 1108 131 823 26
is_linear=0
shrinkage=0.08


Tree=2
num_leaves=15
num_cat=0
split_feature=6 11 17 16 0 9 4 0 1 7 10 1 16 18
split_gain=594.296 646.118 309.057 274.713 119.679 73.2589 61.8331 48.67 76.3752 32.6294 24.0033 28.7872 23.8661 20.663
threshold=0.58335000000000015 1.0000000180025095e-35 1.0000000180025095e-35 1.0000000180025095e-35 1.5000000000000002 1.0000000180025095e-35 1.0000000180025095e-35 2.5000000000000004 14.500000000000002 0.87500000000000011 1.0000000180025095e-35 9.5000000000000018 1.0000000180025095e-35 1.0000000180025095e-35
decision_type=2 2 2 2 2 2 2 2 2 2 2 2 2 2
left_child=1 3 6 9 5 -3 -2 8 12 -1 11 -8 -6 -10
right_child=2 4 -4 -5 7 -7 10 -9 13 -11 -12 -13 -14 -15
leaf_value=0.057734852083233729 -0.13494772180199419 -0.0011553084614853223 -0.13494772180199419 0.12305361951653654 0.054525895561003956 -0.13494772180199419 -0.13899008787557196 0.11272458865091553 -0.013846223816893688 -0.12350125333905503 0.13787163435263391 0.09247135801185799 0.1428353832152722 -0.12938683772204043
leaf_weight=6.4603184461593619 5.7932170629501334 188.69136518239975 33.069614067673683 31.93453574180603 183.33962705731392 30.414389580488205 3.9086012840270987 75.307328939437866 52.980545371770859 400.26182240247726 241.02695186436176 28.617882594466209 21.928687453269958 12.184328228235243
leaf_count=26 24 756 137 129 734 126 16 303 213 1651 977 115 89 49
internal_value=-4.19996e-05 -0.0300394 0.0963119 -0.102883 0.0265303 -0.0197272 0.123689 0.055845 0.0400057 -0.120623 0.129166 0.0646574 0.0639599 -0.0354497
internal_weight=1315.92 1003.5 312.416 438.657 564.846 219.106 279.347 345.741 270.433 406.722 273.553 32.5265 205.268 65.1649
internal_count=5345 4076 1269 1806 2270 882 1132 1388 1085 1677 1108 131 823 262
is_linear=0
shrinkage=0.08


Tree=3
num_leaves=15
num_cat=0
split_feature=6 11 17 16 0 9 4 8 1 7 1 7 10 1
split_gain=513.475 561.516 267.653 238.579 101.986 64.3024 53.4819 43.941 51.0409 28.5914 26.9521 24.0597 21.3916 25.6434
threshold=0.58335000000000015 1.0000000180025095e-35 1.0000000180025095e-35 1.0000000180025095e-35 1.5000000000000002 1.0000000180025095e-35 1.0000000180025095e-35 1.0000000180025095e-35 14.500000000000002 0.87500000000000011 7.5000000000000009 0.87500000000000011 1.0000000180025095e-35 11.500000000000002
decision_type=2 2 2 2 2 2 2 2 2 2 2 2 2 2
left_child=1 3 6 9 5 -3 -2 8 10 -1 -6 -10 13 -8
right_child=2 4 -4 -5 7 -7 12 -9 11 -11 -12 -13 -14 -15
leaf_value=0.053244245559034724 -0.12801120540068578 -0.0010629349462447399 -0.12801120540068578 0.115096846531516 -0.1683821497116334 -0.12801120540068578 -0.066125790211976218 0.10276657563715341 0.13792187030216907 -0.11663536261182612 0.064427985934365148 -0.02711497141898625 0.12957482157585393 0.1004490253972414
leaf_weight=6.44533947110176 5.625328302383422 188.68249940872192 32.111249059438705 31.430748671293259 3.2419461011886588 29.53297358751297 7.8069813251495352 82.045760795474052 6.0898456722497931 390.32027730345726 173.56301882863045 78.879361271858215 236.13646799325943 24.403259575366974
leaf_count=26 24 756 137 129 13 126 32 333 25 1651 699 318 977 99
internal_value=-5.76393e-05 -0.0280504 0.0905037 -0.0970685 0.0245323 -0.0182439 0.116115 0.0516814 0.0356702 -0.113876 0.0601591 -0.0152866 0.121233 0.0600753
internal_weight=1296.32 990.232 306.083 428.196 562.035 218.215 273.972 343.82 261.774 396.766 176.805 84.9692 268.347 32.2102
internal_count=5345 4076 1269 1806 2270 882 1132 1388 1055 1677 712 343 1108 131
is_linear=0
shrinkage=0.08


Tree=4
num_leaves=15
num_cat=0
split_feature=6 11 17 16 0 9 4 0 1 7 16 10 1 17
split_gain=446.466 490.807 233.476 208.384 87.0663 56.8809 46.5956 40.0573 55.8442 25.2358 21.832 19.4085 22.5103 18.9778
threshold=0.58335000000000015 1.0000000180025095e-35 1.0000000180025095e-35 1.0000000180025095e-35 1.5000000000000002 1.0000000180025095e-35 1.0000000180025095e-35 2.5000000000000004 14.500000000000002 0.87500000000000011 1.0000000180025095e-35 1.0000000180025095e-35 9.5000000000000018 1.0000000180025095e-35
decision_type=2 2 2 2 2 2 2 2 2 2 2 2 2 2
left_child=1 3 6 9 5 -3 -2 8 10 13 -6 12 -8 -1
right_child=2 4 -4 -5 7 -7 11 -9 -10 -11 -12 -13 -14 -15
leaf_value=0.14159377959271871 -0.12224235174645813 -0.00097794801522350667 -0.12224235174645813 0.10829157690524666 0.045229755446538449 -0.12224235174645813 -0.12805054619731432 0.10022009450392409 -0.031130636979702041 -0.11075351027517753 0.13107293986584642 0.1226885861315772 0.080618036526014514 -0.15545103579946337
leaf_weight=4.4239580333232871 5.4275758266448966 188.67421942949295 30.98241201043129 30.760633170604706 181.98727501928806 28.494773089885712 3.7509860992431667 73.498813048005104 64.775656625628471 378.64260657131672 21.166291609406471 229.69912134110928 28.054927140474319 1.9982873201370237
leaf_count=18 24 756 137 129 734 126 16 303 262 1651 89 977 115 8
internal_value=-7.05309e-05 -0.0262738 0.0856353 -0.0920798 0.0227129 -0.0168891 0.109763 0.0479021 0.0335501 -0.108086 0.0541736 0.114579 0.056009 0.049168
internal_weight=1272.34 974.423 297.915 415.825 558.597 217.169 266.933 341.428 267.929 385.065 203.154 261.505 31.8059 6.42225
internal_count=5345 4076 1269 1806 2270 882 1132 1388 1085 1677 823 1108 131 26
is_linear=0
shrinkage=0.08


Tree=5
num_leaves=15
num_cat=0
split_feature=6 11 17 16 0 9 4 18 8 1 1 7 10 1
split_gain=390.215 431.124 204.87 182.893 74.5169 50.6371 40.8377 37.5003 29.3043 23.6785 24.4735 22.303 17.8473 20.1377
threshold=0.58335000000000015 1.0000000180025095e-35 1.0000000180025095e-35 1.0000000180025095e-35 1.5000000000000002 1.0000000180025095e-35 1.0000000180025095e-35 1.0000000180025095e-35 1.0000000180025095e-35 14.500000000000002 7.5000000000000009 0.87500000000000011 1.0000000180025095e-35 11.500000000000002
decision_type=2 2 2 2 2 2 2 2 2 2 2 2 2 2
left_child=1 3 6 11 5 -3 -2 8 9 10 -6 -1 13 -8
right_child=2 4 -4 -5 7 -7 12 -9 -10 -11 -12 -13 -14 -15
leaf_value=0.046185794512654019 -0.11738168107162154 -0.00089974897431936241 -0.11738168107162154 0.10236793962959098 -0.15814122267688305 -0.11738168107162154 -0.060813901396044992 -0.021064749948530435 0.099957440361208932 0.0027700524457124976 0.063846113804034307 -0.10563531303838769 0.11687470951577691 0.088730426117102357
leaf_weight=6.2993499040603629 5.2090609073638907 188.66651397943497 29.735056012868881 29.969806149601936 3.2495509684085837 27.347569763660431 7.6151273250579861 47.928033083677292 71.076642259955406 70.783000528812408 145.3381731659174 365.75841352343559 222.14336663484573 23.695181474089622
leaf_count=26 24 756 137 129 13 126 32 196 297 288 594 1651 977 99
internal_value=-8.1091e-05 -0.024677 0.0814865 -0.0877505 0.0210622 -0.0156465 0.104348 0.0444965 0.055315 0.0408508 0.0589913 -0.103065 0.108905 0.052359
internal_weight=1244.81 956.417 288.398 402.028 554.389 216.014 258.663 338.375 290.447 219.371 148.588 372.058 253.454 31.3103
internal_count=5345 4076 1269 1806 2270 882 1132 1388 1192 895 607 1677 1108 131
is_linear=0
shrinkage=0.08


Tree=6
num_leaves=15
num_cat=0
split_feature=6 11 17 16 0 16 4 15 7 0 9 1 18 1
split_gain=342.462 380.073 180.642 161.09 64.7293 36.5223 35.9652 25.0667 19.9045 19.6361 38.6818 33.6991 17.7328 17.3059
threshold=0.58335000000000015 1.0000000180025095e-35 1.0000000180025095e-35 1.0000000180025095e-35 2.5000000000000004 1.0000000180025095e-35 1.0000000180025095e-35 1.0000000180025095e-35 0.87500000000000011 1.5000000000000002 1.0000000180025095e-35 14.500000000000002 1.0000000180025095e-35 6.5000000000000009
decision_type=2 2 2 2 2 2 2 2 2 2 2 2 2 2
left_child=1 3 6 8 5 7 -2 9 -1 10 -3 13 -13 -11
right_child=2 4 -4 -5 -6 -7 -8 -9 -10 11 -12 12 -14 -15
leaf_value=0.042724051031493737 -0.11324150185143189 0.00039344519312351119 -0.11324150185143189 0.097131340532388311 0.090772516246983057 0.11254718080739451 0.10398885020876679 -0.1362526805181499 -0.10111873838578078 -0.11647195679285664 -0.11324150185143189 -0.0074729175603653478 -0.11585460598248105 0.044094223447670819
leaf_weight=6.2663613557815543 4.977034091949462 187.16205283999443 28.410569608211517 29.094784587621689 71.075247049331665 20.836858093738556 244.5817990899086 7.9847141206264487 352.09038197994232 4.4049654901027671 21.359771311283112 51.906121551990509 11.871185109019278 173.69053575396538
leaf_count=26 24 750 137 129 303 92 1108 36 1651 18 103 210 49 709
internal_value=-9.05722e-05 -0.0232079 0.0778968 -0.0839052 0.0195281 0.00896149 0.0996566 0.00425272 -0.0986034 0.00674364 -0.0112467 0.0222533 -0.0276465 0.0401228
internal_weight=1215.71 937.743 277.969 387.452 550.291 479.216 249.559 458.379 358.357 450.395 208.522 241.873 63.7773 178.096
internal_count=5345 4076 1269 1806 2270 1967 1132 1875 1677 1839 853 986 259 727
is_linear=0
shrinkage=0.08


Tree=7
num_leaves=15
num_cat=0
split_feature=6 11 17 16 8 16 4 15 10 0 7 17 1 4
split_gain=300.946 336.109 159.516 142.321 57.5403 36.6449 31.7097 21.5653 18.1073 18.1915 17.8428 16.5428 15.6738 22.6719
threshold=0.58335000000000015 1.0000000180025095e-35 1.0000000180025095e-35 1.0000000180025095e-35 1.0000000180025095e-35 1.0000000180025095e-35 1.0000000180025095e-35 1.0000000180025095e-35 1.0000000180025095e-35 1.5000000000000002 0.87500000000000011 1.0000000180025095e-35 15.500000000000002 1.0000000180025095e-35
decision_type=2 2 2 2 2 2 2 2 2 2 2 2 2 2
left_child=1 3 6 10 5 7 -2 -3 9 -8 11 -1 -5 -14
right_child=2 4 -4 12 -6 -7 8 -9 -10 -11 -12 -13 13 -15
leaf_value=0.12891368124907526 -0.10968250911403178 0.005005594427080348 -0.10968250911403178 0.1180016870076049 0.082397114482617093 0.10867216251552711 -0.13058282237730762 -0.12991350583069344 0.10786199883423558 0.063925137976674512 -0.097081786010827703 -0.1505938254390036 -0.2484136129324237 0.11800168700760487
leaf_weight=4.2383306622505179 4.7372578382492057 438.92832690477371 27.041846826672554 23.79813359677792 76.651169255375862 21.897345215082169 3.4773753732442882 7.7153559625148764 205.62345971167088 26.74969507753849 337.97474497556686 1.9921973943710325 1.964983507990836 2.4016465097665787
leaf_count=18 24 1801 137 109 333 100 15 36 977 116 1651 8 9 11
internal_value=-0.000102821 -0.0218744 0.0745405 -0.0804612 0.0181408 0.00762879 0.095247 0.00267499 0.0993631 0.0415486 -0.0946087 0.0395418 0.0924378 -0.0468852
internal_weight=1185.19 917.562 267.63 372.37 545.192 468.541 240.588 446.644 235.851 30.2271 344.205 6.23053 28.1648 4.36663
internal_count=5345 4076 1269 1806 2270 1937 1132 1837 1108 131 1677 26 129 20
is_linear=0
shrinkage=0.08


Tree=8
num_leaves=15
num_cat=0
split_feature=6 11 17 16 0 16 4 15 1 10 1 18 0 9
split_gain=265.563 298.182 141.653 126.286 52.4724 28.7873 28.1229 19.2504 17.1111 17.0417 16.4292 16.1448 26.2371 35.372
threshold=0.58335000000000015 1.0000000180025095e-35 1.0000000180025095e-35 1.0000000180025095e-35 2.5000000000000004 1.0000000180025095e-35 1.0000000180025095e-35 1.0000000180025095e-35 35.000000000000007 1.0000000180025095e-35 11.500000000000002 1.0000000180025095e-35 1.5000000000000002 1.0000000180025095e-35
decision_type=2 2 2 2 2 2 2 2 2 2 2 2 2 2
left_child=1 3 6 -1 5 7 -2 11 -6 10 -8 12 13 -3
right_child=2 4 -4 -5 8 -7 9 -9 -10 -11 -12 -13 -14 -15
leaf_value=-0.091025793959636947 -0.10659903944733687 0.0012021518284170698 -0.10659903944733687 0.088431223639939549 0.088417309630087967 0.10303969651429178 -0.063084506512676802 -0.12451659105244302 -0.18777918335283461 0.10403032776007277 0.073710527603617043 -0.042318292204745797 0.030889056201089348 -0.10983144407418066
leaf_weight=329.73265755176544 4.4942851066589347 185.70596480369568 25.654877483844757 27.164161697030067 66.624199345707893 19.307582244277 7.5314384102821377 7.4179404824972144 1.4671727120876301 196.51522266864777 22.127886548638344 41.164283379912376 200.16277496516705 20.377371653914452
leaf_count=1677 24 744 137 129 297 92 32 36 6 977 99 169 823 103
internal_value=-0.000103318 -0.0205811 0.0717281 -0.0773669 0.0167956 0.00736455 0.0915616 0.00330312 0.0824661 0.0954992 0.038974 0.00542233 0.0102598 -0.00977677
internal_weight=1155.45 899.124 256.324 356.897 542.227 474.136 230.669 454.828 68.0914 226.175 29.6593 447.41 406.246 206.083
internal_count=5345 4076 1269 1806 2270 1967 1132 1875 303 1108 131 1839 1670 847
is_linear=0
shrinkage=0.08


Tree=9
num_leaves=15
num_cat=0
split_feature=6 11 17 16 0 16 4 15 7 10 1 1 1 4
split_gain=235.02 264.512 126.167 111.897 46.1095 25.6266 25.0164 17.0315 16.9895 16.0782 14.7636 14.6347 14.614 18.6764
threshold=0.58335000000000015 1.0000000180025095e-35 1.0000000180025095e-35 1.0000000180025095e-35 2.5000000000000004 1.0000000180025095e-35 1.0000000180025095e-35 1.0000000180025095e-35 0.87500000000000011 1.0000000180025095e-35 9.5000000000000018 35.000000000000007 15.500000000000002 1.0000000180025095e-35
decision_type=2 2 2 2 2 2 2 2 2 2 2 2 2 2
left_child=1 3 6 8 5 7 -2 -3 -1 10 -8 -6 -5 -14
right_child=2 4 -4 12 11 -7 9 -9 -10 -11 -12 -13 13 -15
leaf_value=0.044290438298684898 -0.10390951045617061 0.0049991123469484552 -0.10390951045617061 0.11091364324186495 0.083809753832404382 0.099091846491531327 -0.11791136087302477 -0.11987221300563418 -0.090176190668804279 0.1006310566614487 0.057706552455147789 -0.16932714930387222 -0.2235151300745627 0.11091364324186492
leaf_weight=6.1326121985912314 4.2516868114471427 445.72230686247349 24.270045548677444 21.912741139531139 64.742220759391785 18.503763377666473 3.4807027876377132 7.101860597729682 309.77943882346153 187.28044371306896 25.566136717796326 1.495448738336562 2.0683133304119101 2.2113775461912155
leaf_count=26 24 1839 137 109 297 92 16 36 1651 977 115 6 9 11
internal_value=-0.000105795 -0.019401 0.069216 -0.0743917 0.0155949 0.00681155 0.0882648 0.00304069 -0.0875659 0.0920418 0.0366621 0.0780947 0.0845051 -0.050711
internal_weight=1124.52 879.67 244.849 342.104 537.566 471.328 220.579 452.824 315.912 216.327 29.0468 66.2377 26.1924 4.27969
internal_count=5345 4076 1269 1806 2270 1967 1132 1875 1677 1108 131 303 129 20
is_linear=0
shrinkage=0.08


Tree=10
num_leaves=15
num_cat=0
split_feature=6 11 17 16 8 16 4 18 1 10 15 0 18 0
split_gain=208.312 235.534 112.64 99.6322 42.459 26.2387 22.3049 17.1749 16.8353 15.2505 14.8253 13.5183 18.0394 13.1918
threshold=0.58335000000000015 1.0000000180025095e-35 1.0000000180025095e-35 1.0000000180025095e-35 1.0000000180025095e-35 1.0000000180025095e-35 1.0000000180025095e-35 1.0000000180025095e-35 9.5000000000000018 1.0000000180025095e-35 1.0000000180025095e-35 2.5000000000000004 1.0000000180025095e-35 1.5000000000000002
decision_type=2 2 2 2 2 2 2 2 2 2 2 2 2 2
left_child=1 3 6 7 5 10 -2 -1 -9 13 -3 12 -6 -8
right_child=2 4 -4 -5 11 -7 9 8 -10 -11 -12 -13 -14 -15
leaf_value=-0.092514812166722277 -0.10154979997365189 0.0034198879878890066 -0.10154979997365189 0.081411862735232071 0.047864343706292112 0.096858983932440815 -0.11950015771996729 0.11893939120384835 -0.054129950378183009 0.097584564232339827 -0.11583964942404348 0.10073125530845206 -0.19085108439088963 0.053771264526026298
leaf_weight=256.52714666724205 4.012234926223754 436.72117972373962 22.903174370527267 25.091049805283546 27.212586298584942 19.310955509543419 3.1643716394901302 3.9401670396327964 41.321836337447166 178.05592845380306 6.7745715677738181 42.258531734347343 2.1889802813529959 25.259343355894089
leaf_count=1426 24 1801 137 129 117 100 15 22 229 977 36 207 9 116
internal_value=-0.000104964 -0.0182705 0.0669352 -0.0717632 0.0144456 0.00557298 0.0852677 -0.0844983 -0.0390638 0.0888978 0.00159815 0.0717484 0.0300917 0.0344812
internal_weight=1094.74 861.347 233.395 326.88 534.467 462.807 210.492 301.789 45.262 206.48 443.496 71.6601 29.4016 28.4237
internal_count=5345 4076 1269 1806 2270 1937 1132 1677 251 1108 1837 333 126 131
is_linear=0
shrinkage=0.08


Tree=11
num_leaves=15
num_cat=0
split_feature=6 11 17 16 0 9 1 8 10 0 1 18 7 1
split_gain=184.917 209.672 100.753 88.5226 37.7841 34.4023 24.4908 21.6633 20.2696 18.9591 17.0094 16.4161 16.0748 15.9679
threshold=0.58335000000000015 1.0000000180025095e-35 1.0000000180025095e-35 1.0000000180025095e-35 1.5000000000000002 1.0000000180025095e-35 15.500000000000002 1.0000000180025095e-35 1.0000000180025095e-35 2.5000000000000004 9.5000000000000018 1.0000000180025095e-35 0.87500000000000011 8.5000000000000018
decision_type=2 2 2 2 2 2 2 2 2 2 2 2 2 2
left_child=1 3 8 11 5 13 9 12 10 -6 -2 -1 -8 -3
right_child=2 4 -4 -5 6 -7 7 -9 -10 -11 -12 -13 -14 -15
leaf_value=-0.089636976971313564 -0.10651610764486476 0.010119643177813767 -0.099468871776362239 0.077978280346273521 0.035036970570883792 -0.10557861927423842 0.11282823595423722 0.092663972430888947 0.093211946673537188 0.10196187215558113 0.050126732449238133 -0.036739907520066881 -0.03411731054610008 -0.047798813721415742
leaf_weight=244.09448596835136 5.403630048036578 150.3898158967495 21.566363677382469 24.139759674668312 205.46269355714321 22.836334630846977 5.1363311409950247 12.019771188497542 170.36470732092857 31.205388888716698 24.790499165654182 44.373895153403282 65.807478815317154 38.203262507915497
leaf_count=1426 30 603 137 129 874 126 25 60 986 159 116 251 270 153
internal_value=-0.000105442 -0.0172038 0.064837 -0.069185 0.0133949 -0.0128421 0.0307501 -0.00665173 0.0825051 0.0438612 0.0220935 -0.0815 -0.0234785 -0.00161289
internal_weight=1065.79 843.669 222.125 312.608 531.061 211.429 319.632 82.9636 200.559 236.668 30.1941 288.468 70.9438 188.593
internal_count=5345 4076 1269 1806 2270 882 1388 355 1132 1033 146 1677 295 756
is_linear=0
shrinkage=0.08


Tree=12
num_leaves=15
num_cat=0
split_feature=6 11 17 16 8 16 4 7 1 4 10 17 18 1
split_gain=164.237 186.735 90.1485 78.715 32.5991 22.526 19.0011 17.1986 14.3263 15.9456 13.9122 13.8952 13.5602 20.1412
threshold=0.58335000000000015 1.0000000180025095e-35 1.0000000180025095e-35 1.0000000180025095e-35 1.0000000180025095e-35 1.0000000180025095e-35 1.0000000180025095e-35 0.87500000000000011 15.500000000000002 1.0000000180025095e-35 1.0000000180025095e-35 1.0000000180025095e-35 1.0000000180025095e-35 13.500000000000002
decision_type=2 2 2 2 2 2 2 2 2 2 2 2 2 2
left_child=1 3 6 7 5 -3 -2 11 -5 -10 -8 -1 -9 -14
right_child=2 4 -4 8 -6 -7 10 12 9 -11 -12 -13 13 -15
leaf_value=0.13250512135823442 -0.099187872291479962 0.0012367120811676282 -0.097625522559523892 0.10359167145161591 0.064449774890001754 0.092435729242058409 0.030502655939483401 -0.089423546183811431 -0.21460109218295365 0.10359167145161587 0.092351519253886516 -0.12830145522807776 0.0091519946847419247 -0.10228179857318065
leaf_weight=4.3033585846424094 3.7215306013822547 440.72786094248295 20.268695920705795 19.17015011608601 67.289864078164101 18.042996317148209 27.233437940478325 227.22281125187874 2.1043463945388785 1.934602305293083 160.18965750932693 1.8779196739196775 23.535862296819687 18.572485089302063
leaf_count=18 24 1837 137 109 333 100 131 1406 9 11 977 8 136 109
internal_value=-0.000109123 -0.0162342 0.0627992 -0.0667489 0.0124504 0.00482348 0.0798104 -0.078668 0.0747414 -0.062191 0.0833646 0.0532701 -0.0816961 -0.0399975
internal_weight=1036.2 824.782 211.413 298.722 526.061 458.771 191.145 275.512 23.2091 4.03895 187.423 6.18128 269.331 42.1083
internal_count=5345 4076 1269 1806 2270 1937 1132 1677 129 20 1108 26 1651 245
is_linear=0
shrinkage=0.08


Tree=13
num_leaves=15
num_cat=0
split_feature=6 11 17 16 0 10 16 7 1 5 18 1 5 1
split_gain=145.964 167.052 80.7619 70.3921 30.5902 18.1142 17.875 15.4017 15.221 13.4362 13.1283 18.4991 49.4695 34.6463
threshold=0.58335000000000015 1.0000000180025095e-35 1.0000000180025095e-35 1.0000000180025095e-35 2.5000000000000004 1.0000000180025095e-35 1.0000000180025095e-35 0.87500000000000011 11.500000000000002 1.5000000000000002 1.0000000180025095e-35 13.500000000000002 1.0000000180025095e-35 12.500000000000002
decision_type=2 2 2 2 2 2 2 2 2 2 2 2 2 2
left_child=1 3 5 7 6 8 -3 -1 -2 -10 -9 12 13 -12
right_child=2 4 -4 -5 -6 -7 -8 10 9 -11 11 -13 -14 -15
leaf_value=0.050705223537014586 -0.067436603951775448 0.0016963161836948452 -0.095986150945547299 0.072447974462125739 0.065829174032603757 0.088280114209171451 0.088330282444774838 -0.087073126759262987 0.087334771327621616 -0.087459645004127451 0.019987601637087359 -0.1001154577081385 -0.10248665639379878 0.30856122878371611
leaf_weight=5.9814962446689597 8.9449249058961886 448.67747686803341 19.016789510846138 22.108563423156738 58.921630218625069 152.94520851969719 15.778306096792219 215.18313273787498 16.75554841756821 3.382716253399848 7.0418965965509415 17.500242173671722 12.331409811973572 4.2817395180463791
leaf_count=26 46 1875 137 129 303 986 92 1406 83 17 39 109 72 25
internal_value=-0.000110089 -0.0152908 0.0608865 -0.0646404 0.0115281 0.0772753 0.00463941 -0.0761943 0.0194021 0.0579738 -0.0791555 -0.0377575 0.00837557 0.129104
internal_weight=1008.85 807.806 201.045 284.428 523.377 182.028 464.456 262.32 29.0832 20.1383 256.338 41.1553 23.655 11.3236
internal_count=5345 4076 1269 1806 2270 1132 1967 1677 146 100 1651 245 136 64
is_linear=0
shrinkage=0.08


Tree=14
num_leaves=15
num_cat=0
split_feature=6 11 17 16 0 9 18 10 8 18 1 14 13 1
split_gain=129.909 149.6 72.4414 62.8525 28.6605 31.1422 23.4873 16.946 15.4193 14.3799 14.222 19.52 13.9861 27.1385
threshold=0.58335000000000015 1.0000000180025095e-35 1.0000000180025095e-35 1.0000000180025095e-35 1.5000000000000002 1.0000000180025095e-35 1.0000000180025095e-35 1.0000000180025095e-35 1.5000000000000002 1.0000000180025095e-35 7.5000000000000009 1.0000000180025095e-35 1.0000000180025095e-35 5.5000000000000009
decision_type=2 2 2 2 2 2 2 2 2 2 2 2 2 2
left_child=1 3 7 9 5 10 8 -2 -6 -1 12 -12 -3 -14
right_child=2 4 -4 -5 6 -7 -8 -9 -10 -11 11 -13 13 -15
leaf_value=-0.082430924257288152 0.018368136159792353 0.031518925645158735 -0.094523031510048428 0.069475112689075941 0.029732124041948516 -0.10309806313757218 -0.02670388160915255 0.085967217429546119 0.10261662954124003 -0.030881505485713886 -0.06972458684296351 0.013745483770907421 -0.10753718384719316 0.046692789144180534
leaf_weight=208.19810152053833 28.385365054011345 87.508733421564102 17.815282642841339 21.246180161833763 244.66713173687458 21.615411028265953 45.933397874236107 144.82940825819969 20.103291794657707 41.543559163808823 37.415753826498985 34.431195706129074 14.987871050834658 14.238477498292921
leaf_count=1426 146 351 137 129 1075 126 196 986 117 251 150 138 60 57
internal_value=-0.000124893 -0.0144096 0.0590902 -0.0626183 0.01067 -0.0121446 0.0261046 0.0748895 0.035266 -0.0738559 -0.00171948 -0.0297232 0.015516 -0.0323995
internal_weight=982.919 791.889 191.03 270.988 520.901 210.197 310.704 173.215 264.77 249.742 188.582 71.8469 116.735 29.2263
internal_count=5345 4076 1269 1806 2270 882 1388 1132 1192 1677 756 288 468 117
is_linear=0
shrinkage=0.08


Tree=15
num_leaves=15
num_cat=0
split_feature=6 11 17 16 8 0 9 1 4 1 8 6 7 1
split_gain=115.338 133.414 64.849 55.9569 25.1822 17.6479 28.3126 17.3635 16.7079 15.8604 15.3953 14.6669 14.662 14.0665
threshold=0.58335000000000015 1.0000000180025095e-35 1.0000000180025095e-35 1.0000000180025095e-35 1.5000000000000002 1.5000000000000002 1.0000000180025095e-35 15.500000000000002 1.0000000180025095e-35 6.5000000000000009 1.0000000180025095e-35 0.36665000000000009 0.87500000000000011 15.500000000000002
decision_type=2 2 2 2 2 2 2 2 2 2 2 2 2 2
left_child=1 3 8 12 5 6 -3 9 -2 -7 -9 -11 -1 -5
right_child=2 4 -4 13 -6 7 -8 10 -10 11 -12 -13 -14 -15
leaf_value=0.052337356290538289 -0.098650608640004467 -0.0015877986340609492 -0.093213157334213259 0.098455810036578287 0.10041089668985689 -0.11973043200043092 -0.10084775715206805 -0.025608559517747907 0.07613421337672753 0.038989282436566713 0.081888539919591066 -0.068426722269228316 -0.074556406586938406 -0.071871843684647468
leaf_weight=5.9776059389114371 3.5776362270116797 188.43069134652615 16.667204841971397 16.602244660258297 18.948513463139534 4.3553525805473319 20.380405753850937 70.048105135560036 161.74143779277802 196.63982455432415 9.7082845419645292 8.4865385591983777 232.28915512561798 3.816415235400199
leaf_count=26 24 756 137 109 117 18 126 295 1108 869 54 35 1651 20
internal_value=-0.000129495 -0.0135771 0.0571885 -0.0604808 0.00989166 0.00644782 -0.0112758 0.0192431 0.0723517 0.0313377 -0.0125236 0.0345452 -0.0713729 0.0666202
internal_weight=957.669 775.683 181.986 258.685 516.998 498.049 208.811 289.238 165.319 209.482 79.7564 205.126 238.267 20.4187
internal_count=5345 4076 1269 1806 2270 2153 882 1271 1132 922 349 904 1677 129
is_linear=0
shrinkage=0.08


Tree=16
num_leaves=15
num_cat=0
split_feature=6 11 17 16 8 10 16 18 1 1 1 4 15 5
split_gain=102.421 119.215 58.1017 49.9921 22.9943 17.3229 15.9924 14.6921 13.9633 12.9647 12.6898 13.3016 12.6126 12.1632
threshold=0.58335000000000015 1.0000000180025095e-35 1.0000000180025095e-35 1.0000000180025095e-35 1.5000000000000002 1.0000000180025095e-35 1.0000000180025095e-35 1.0000000180025095e-35 9.5000000000000018 11.500000000000002 15.500000000000002 1.0000000180025095e-35 1.0000000180025095e-35 1.5000000000000002
decision_type=2 2 2 2 2 2 2 2 2 2 2 2 2 2
left_child=1 3 5 7 6 9 12 -1 -9 -2 -5 -12 -3 -11
right_child=2 4 -4 10 -6 -7 -8 8 -10 13 11 -13 -14 -15
leaf_value=-0.078370004079064304 -0.06793892040584068 0.0048048344734967384 -0.092037179415170256 0.096725312772691141 0.098460955445982545 0.082124455443953637 0.085256633751681452 0.11809558265328442 -0.040499626475426646 0.0799950399268958 -0.19648535054456445 0.09983108350035419 -0.11351189910112347 -0.088092613549535931
leaf_weight=187.85972961783409 8.7829901278018969 472.99847260117531 15.574304617941378 15.588717535138132 17.82382196187973 130.15525862574577 15.763596087694166 3.9525444209575644 35.141827270388603 15.370561569929125 2.172418311238288 1.7510462254285815 5.8373941928148261 3.3569766432046881
leaf_count=1426 46 2017 137 109 117 986 100 22 229 83 9 11 36 17
internal_value=-0.000130473 -0.0128006 0.055372 -0.0585201 0.0091896 0.0699332 0.00597254 -0.0690845 -0.0244652 0.0122548 0.064359 -0.064239 0.00336246 0.0498647
internal_weight=932.13 758.89 173.24 246.466 512.423 157.666 494.599 226.954 39.0944 27.5105 19.5122 3.92346 478.836 18.7275
internal_count=5345 4076 1269 1806 2270 1132 2153 1677 251 146 129 20 2053 100
is_linear=0
shrinkage=0.08


Tree=17
num_leaves=15
num_cat=0
split_feature=6 11 17 16 0 10 18 16 1 5 1 18 1 0
split_gain=91.203 106.475 52.2302 44.6374 21.4981 16.1462 14.0687 13.5227 13.2745 42.0099 26.6751 11.8215 17.8823 13.4283
threshold=0.58335000000000015 1.0000000180025095e-35 1.0000000180025095e-35 1.0000000180025095e-35 2.5000000000000004 1.0000000180025095e-35 1.0000000180025095e-35 1.0000000180025095e-35 13.500000000000002 1.0000000180025095e-35 12.500000000000002 1.0000000180025095e-35 13.500000000000002 1.5000000000000002
decision_type=2 2 2 2 2 2 2 2 2 2 2 2 2 2
left_child=1 3 5 6 7 -2 -1 11 9 10 -8 13 -13 -3
right_child=2 4 -4 -5 -6 -7 8 -9 -10 -11 -12 12 -14 -15
leaf_value=-0.076240800439302328 0.011629082944429887 -0.0096207229607129727 -0.090978765383555413 0.062732475735904722 0.056713712035448734 0.080105951579277454 0.02291400988617634 0.081222783525066955 -0.077684993302340091 -0.097540246647203038 0.27049348912769511 -0.0037304809120564143 -0.11659753956199374 0.019613712043591892
leaf_weight=178.06221644580364 26.845199584960938 205.90293672680855 14.537306688725947 18.492004960775375 53.043114721775055 123.05270596593618 6.9030153900384903 13.688734263181685 16.319313168525696 10.619166970252991 4.6690400689840317 27.593136608600616 13.321151316165922 196.54099102318287
leaf_count=1426 146 876 137 129 303 986 39 92 115 72 25 112 57 830
internal_value=-0.000124476 -0.0120244 0.0538015 -0.0565716 0.00850423 0.0678424 -0.0667584 0.00290922 -0.0229143 0.0173638 0.122806 0.000491283 -0.0404785 0.00465646
internal_weight=909.59 745.155 164.435 235.065 510.09 149.898 216.573 457.047 38.5105 22.1912 11.5721 443.358 40.9143 402.444
internal_count=5345 4076 1269 1806 2270 1132 1677 1967 251 136 64 1875 169 1706
is_linear=0
shrinkage=0.08


Tree=18
num_leaves=15
num_cat=0
split_feature=6 11 17 16 8 10 7 16 1 17 0 18 1 5
split_gain=81.0113 95.1613 46.8216 39.778 20.1099 15.4505 14.902 13.0856 11.9697 11.8863 11.7829 11.6438 16.4013 35.0413
threshold=0.58335000000000015 1.0000000180025095e-35 1.0000000180025095e-35 1.0000000180025095e-35 1.5000000000000002 1.0000000180025095e-35 0.87500000000000011 1.0000000180025095e-35 15.500000000000002 1.0000000180025095e-35 1.5000000000000002 1.0000000180025095e-35 13.500000000000002 1.0000000180025095e-35
decision_type=2 2 2 2 2 2 2 2 2 2 2 2 2 2
left_child=1 3 5 6 7 10 9 -3 -5 -1 -2 -8 13 -13
right_child=2 4 -4 8 -6 -7 11 -9 -10 -11 -12 12 -14 -15
leaf_value=0.13125861102082614 -0.10619755318085038 0.0027373878664724901 -0.090024024115374787 0.094260097992088274 0.095807487617434503 0.078146609895841018 -0.077376500337861323 0.080591181030053555 -0.065867456469074728 -0.11715733013157369 0.03482893291716712 0.10608538424234279 -0.094552317054317589 -0.095910158727765552
leaf_weight=4.2730373740196219 4.5730555504560497 476.42160368710756 13.556127354502676 13.995333403348925 16.119017958641052 116.324223510921 164.16425703465939 14.229643970727919 3.7985506206750861 1.7325490713119505 22.191184267401695 12.260723143815994 14.193984434008597 9.9624860286712646
leaf_count=18 29 2053 137 109 117 986 1406 100 20 8 117 64 109 72
internal_value=-0.00013515 -0.0113208 0.0520747 -0.0546947 0.00788376 0.065537 -0.0645803 0.00499527 0.0600769 0.0595932 0.0107325 -0.0682982 -0.0273743 0.0155324
internal_weight=887.796 731.151 156.645 224.381 506.77 143.088 206.587 490.651 17.7939 6.00559 26.7642 200.581 36.4172 22.2232
internal_count=5345 4076 1269 1806 2270 1132 1677 2153 129 26 146 1651 245 136
is_linear=0
shrinkage=0.08


Tree=19
num_leaves=15
num_cat=0
split_feature=6 11 17 16 8 10 7 0 9 1 1 8 7 1
split_gain=72.104 85.4303 42.0946 35.6629 18.4365 14.4583 13.3428 12.1942 25.5188 14.791 13.3625 13.0999 12.4269 12.1181
threshold=0.58335000000000015 1.0000000180025095e-35 1.0000000180025095e-35 1.0000000180025095e-35 1.5000000000000002 1.0000000180025095e-35 0.87500000000000011 1.5000000000000002 1.0000000180025095e-35 15.500000000000002 6.5000000000000009 1.0000000180025095e-35 0.87500000000000011 7.5000000000000009
decision_type=2 2 2 2 2 2 2 2 2 2 2 2 2 2
left_child=1 3 5 6 7 -2 -1 8 13 10 -9 12 -11 -3
right_child=2 4 -4 -5 -6 -7 -8 9 -10 11 -12 -13 -14 -15
leaf_value=0.056930342310865044 0.010072503390340519 0.014673919690345195 -0.089161046347549566 0.058161147001398135 0.094363305192351671 0.076231634523419647 -0.066349107457436995 -0.11167355969000944 -0.09869370422613917 0.10446701442500551 0.029775988151225983 0.076694623692695682 -0.034728004944883012 -0.027119005373256292
leaf_weight=5.789599508047103 26.172040924429893 116.66324879229069 12.630054146051405 16.972400352358818 15.098109304904936 109.96871387958527 190.51124998182058 4.3676921725273123 18.921366795897484 4.3818518668413153 199.89373581111431 8.9937594383954984 64.932534009218216 71.686890721321106
leaf_count=26 146 468 137 129 117 986 1651 18 126 25 904 54 270 288
internal_value=-0.000139517 -0.0106397 0.0505516 -0.0530939 0.00729187 0.063513 -0.0627132 0.00460811 -0.0101297 0.0154186 0.0267514 -0.0141421 -0.0259285 -0.00123265
internal_weight=866.983 718.212 148.771 213.273 504.939 136.141 196.301 489.841 207.272 282.57 204.261 78.3081 69.3144 188.35
internal_count=5345 4076 1269 1806 2270 1132 1677 2153 882 1271 922 349 295 756
is_linear=0
shrinkage=0.08


Tree=20
num_leaves=15
num_cat=0
split_feature=16 11 9 10 17 10 18 8 9 10 5 17 1 5
split_gain=66.6132 61.6055 54.0921 51.7084 34.3773 28.952 18.5113 17.9693 14.4963 12.5565 46.2903 12.605 12.5547 19.7209
threshold=1.0000000180025095e-35 1.0000000180025095e-35 1.0000000180025095e-35 0.68500000000000016 1.0000000180025095e-35 1.0000000180025095e-35 1.0000000180025095e-35 1.5000000000000002 0.7250000000000002 0.67500000000000016 1.0000000180025095e-35 1.0000000180025095e-35 15.500000000000002 1.0000000180025095e-35
decision_type=2 2 2 2 2 2 2 2 2 2 2 2 2 2
left_child=1 2 -1 6 -5 7 8 -3 9 -4 -11 -12 13 -8
right_child=-2 5 3 4 -6 -7 12 -9 -10 10 11 -13 -14 -15
leaf_value=0.080459456395734485 0.08022149420927123 0.0014873380403440861 -0.069974951087442283 0.094216097728897635 -0.091617631918795808 0.07639484458169217 0.084555782646846822 0.093069917263877408 0.10413348398230741 -0.090038041968695762 -0.52812174557563563 -0.088379589245830087 -0.078115820283136225 -0.060074593764602009
leaf_weight=22.511491119861603 61.240952305495739 470.52446069568396 146.28724578768015 23.822064861655235 8.6967667639255506 38.314457170665264 13.64857704937458 14.123056367039679 2.8375077024102202 17.937000624835495 2.1974443718791004 0.51494407653808583 12.430722974240778 10.814700588583946
leaf_count=210 508 2046 1355 214 94 318 74 117 19 170 21 6 106 87
internal_value=-0.000136692 -0.00640846 -0.0380963 -0.0492544 0.0445171 0.00944866 -0.0640092 0.00415614 -0.0751705 -0.0782182 -0.136616 -0.444637 -0.0126486 0.0206177
internal_weight=845.901 784.66 261.698 239.187 32.5188 522.962 206.668 484.648 169.774 166.937 20.6494 2.71239 36.894 24.4633
internal_count=5345 4837 2356 2146 308 2481 1838 2163 1571 1552 197 27 267 161
is_linear=0
shrinkage=0.08


Tree=21
num_leaves=15
num_cat=0
split_feature=16 11 9 10 17 10 18 8 9 18 0 9 14 1
split_gain=59.6914 54.3589 48.1353 45.5415 31.3477 26.0733 17.0163 16.4401 12.8934 12.0016 12.8485 25.5884 12.6598 16.2286
threshold=1.0000000180025095e-35 1.0000000180025095e-35 1.0000000180025095e-35 0.68500000000000016 1.0000000180025095e-35 1.0000000180025095e-35 1.0000000180025095e-35 1.5000000000000002 0.7250000000000002 1.0000000180025095e-35 1.5000000000000002 1.0000000180025095e-35 1.0000000180025095e-35 7.5000000000000009
decision_type=2 2 2 2 2 2 2 2 2 2 2 2 2 2
left_child=1 2 -1 6 -5 7 8 9 -4 10 11 12 13 -3
right_child=-2 5 3 4 -6 -7 -8 -9 -10 -11 -12 -13 -14 -15
leaf_value=0.078526666897278705 0.078220578624502879 0.0072675463038304267 -0.07520835809630036 0.09305376779928988 -0.090698789334449151 0.073978896608775491 -0.011871297666221801 0.091908389701739618 0.10195778864600336 -0.038950931499670952 0.018769636313316261 -0.09770633991216611 0.019671593041359518 -0.062255872791203544
leaf_weight=21.27149373292923 57.919835403561592 50.955264687538147 159.77821653336287 22.253992065787315 8.1061411052942294 36.476679317653179 36.539773151278496 13.195239610970019 2.6729442849755278 42.936703339219093 221.87958855926991 18.894506394863129 98.658162876963615 37.157940521836281
leaf_count=210 508 204 1552 214 94 318 267 117 19 185 978 133 396 150
internal_value=-0.000104138 -0.00598983 -0.0365966 -0.0472738 0.0439919 0.00875722 -0.0611983 0.0038385 -0.0722933 0.00136848 0.0054176 -0.00898705 -1.18704e-05 -0.022051
internal_weight=828.696 770.777 250.623 229.351 30.3601 520.154 198.991 483.677 162.451 470.482 427.545 205.666 186.771 88.1132
internal_count=5345 4837 2356 2146 308 2481 1838 2163 1571 2046 1861 883 750 354
is_linear=0
shrinkage=0.08


Tree=22
num_leaves=15
num_cat=0
split_feature=16 11 9 10 17 10 18 8 9 1 1 1 15 18
split_gain=53.5456 48.2978 43.0104 40.4073 28.6125 23.4466 16.09 15.0548 11.5632 11.2077 18.1256 14.6854 10.6503 10.8698
threshold=1.0000000180025095e-35 1.0000000180025095e-35 1.0000000180025095e-35 0.68500000000000016 1.0000000180025095e-35 1.0000000180025095e-35 1.0000000180025095e-35 1.5000000000000002 0.7250000000000002 15.500000000000002 12.500000000000002 9.5000000000000018 1.0000000180025095e-35 1.0000000180025095e-35
decision_type=2 2 2 2 2 2 2 2 2 2 2 2 2 2
left_child=1 2 -1 6 -5 7 8 12 -4 10 11 -8 13 -3
right_child=-2 5 3 4 -6 -7 9 -9 -10 -11 -12 -13 -14 -15
leaf_value=0.076595955969723586 0.076268108550049646 0.0064554631657426703 -0.072993743694761234 0.091995887766567405 -0.089857303307326553 0.071605075167819332 0.085370512469008675 0.090862705663641116 0.10000717886699391 -0.075279959264131655 0.10457926065521375 -0.088118569113575393 -0.11258743506041496 -0.035770609684549558
leaf_weight=20.110987186431885 54.779883451759815 420.09850677847862 151.7873646914959 20.769604608416561 7.5501297265291205 34.743031017482281 4.4670898914337185 12.315187118947504 2.5135874748229972 11.743364498019217 9.7319947332143766 10.375345528125761 5.2009219750761977 43.010420486330986
leaf_count=210 508 1825 1552 214 94 318 22 117 19 106 59 80 36 185
internal_value=-0.000101379 -0.00564673 -0.0353677 -0.0456523 0.0435133 0.0081391 -0.0588994 0.00355132 -0.0701755 -0.0109913 0.0197303 -0.035904 0.00125529 0.00253379
internal_weight=809.197 754.418 239.049 218.938 28.3197 515.368 190.619 480.625 154.301 36.3178 24.5744 14.8424 468.31 463.109
internal_count=5345 4837 2356 2146 308 2481 1838 2163 1571 267 161 102 2046 2010
is_linear=0
shrinkage=0.08


Tree=23
num_leaves=15
num_cat=0
split_feature=6 11 17 16 4 1 8 0 1 4 13 15 7 15
split_gain=48.0893 55.2691 28.2027 19.9813 13.3461 13.3148 13.1921 13.0613 22.6156 11.744 11.581 11.348 10.6575 9.89569
threshold=0.58335000000000015 1.0000000180025095e-35 1.0000000180025095e-35 1.0000000180025095e-35 1.0000000180025095e-35 15.500000000000002 1.5000000000000002 1.5000000000000002 9.5000000000000018 1.0000000180025095e-35 1.0000000180025095e-35 1.0000000180025095e-35 0.87500000000000011 1.0000000180025095e-35
decision_type=2 2 2 2 2 2 2 2 2 2 2 2 2 2
left_child=1 3 4 7 -2 -5 13 -1 10 -7 11 -9 -10 -3
right_child=2 6 -4 5 -6 9 -8 8 12 -11 -12 -13 -14 -15
leaf_value=-0.088692765585902514 -0.10236699220854158 0.0043204547489971911 -0.086505095788911107 0.089682636396353127 0.061514208297879 -0.20787031689821919 0.089919201849929117 0.10125235251293069 0.052186318823639055 0.093432578759816212 -0.048021417363623746 -0.088692765585902514 -0.065099376453397945 -0.10969127636058255
leaf_weight=50.567028224468231 3.27441831678152 476.12820313125849 9.5224060416221601 10.497678428888319 110.72354926168919 2.1306753605604163 11.482759304344652 12.850074782967569 5.2731716334819785 1.3540837466716769 7.8679466992616645 2.3869051784276953 83.080534540116787 4.9225945323705664
leaf_count=572 24 2117 137 109 1108 9 117 115 26 11 89 27 848 36
internal_value=-0.000100757 -0.00857381 0.0457588 -0.0470523 0.056807 0.044704 0.00517659 -0.0549707 -0.0396715 -0.0907921 0.0307973 0.071497 -0.0580995 0.00315377
internal_weight=792.062 668.542 123.52 176.008 113.998 13.9824 492.534 162.026 111.459 3.48476 23.1049 15.237 88.3537 481.051
internal_count=5345 4076 1269 1806 1132 129 2270 1677 1105 20 231 142 874 2153
is_linear=0
shrinkage=0.08


Tree=24
num_leaves=15
num_cat=0
split_feature=16 11 9 10 17 10 18 8 1 9 1 1 1 10
split_gain=45.3768 38.8436 35.8499 33.5243 21.7573 21.1836 15.595 13.093 12.0931 10.6636 9.81676 16.2187 10.9856 9.79131
threshold=1.0000000180025095e-35 1.0000000180025095e-35 1.0000000180025095e-35 0.69500000000000006 1.0000000180025095e-35 0.52500000000000013 1.0000000180025095e-35 1.0000000180025095e-35 16.500000000000004 0.7250000000000002 15.500000000000002 12.500000000000002 9.5000000000000018 0.67500000000000016
decision_type=2 2 2 2 2 2 2 2 2 2 2 2 2 2
left_child=1 2 -1 6 -5 7 9 8 -3 13 11 12 -8 -4
right_child=-2 5 3 4 -6 -7 10 -9 -10 -11 -12 -13 -14 -15
leaf_value=0.074305946389635696 0.073744776176432172 0.0033039474069081489 -0.061506238363132112 0.090600091361986657 -0.088839758482037734 0.089612923237332415 0.06490034236432643 0.041868356265995825 -0.043904986189662994 0.096417105343393247 -0.070932829207431769 0.099850044576453953 -0.08362975960108289 -0.12325309780739215
leaf_weight=18.110436379909515 49.826654352247715 401.37859530746937 119.68970684707165 17.679608434438709 5.7249964475631705 19.07792167365551 4.8083536624908474 51.464334413409233 38.01642319560051 2.5092722401022902 10.734393559396265 9.8718853294849378 9.4509993046522123 19.052034094929695
leaf_count=210 508 1770 1355 204 82 214 22 333 164 22 107 61 81 212
internal_value=-0.000112258 -0.00517026 -0.0334653 -0.0432476 0.0467073 0.00690551 -0.055202 0.00369098 -0.000780566 -0.0670292 -0.00728608 0.0210262 -0.0335444 -0.0699853
internal_weight=777.396 727.569 217.632 199.521 23.4046 509.937 176.117 490.859 439.395 141.251 34.8656 24.1312 14.2594 138.742
internal_count=5345 4837 2356 2146 286 2481 1860 2267 1934 1589 271 164 103 1567
is_linear=0
shrinkage=0.08


Tree=25
num_leaves=15
num_cat=0
split_feature=10 11 9 16 17 18 16 8 1 10 0 14 5 1
split_gain=41.3549 34.4124 36.0166 27.6538 26.5859 13.9162 11.8792 11.8968 10.8667 10.5933 13.1582 17.4382 12.4998 9.13944
threshold=0.68500000000000016 1.0000000180025095e-35 1.0000000180025095e-35 1.0000000180025095e-35 1.0000000180025095e-35 1.0000000180025095e-35 1.0000000180025095e-35 1.5000000000000002 22.500000000000004 0.67500000000000016 1.5000000000000002 1.0000000180025095e-35 1.0000000180025095e-35 9.5000000000000018
decision_type=2 2 2 2 2 2 2 2 2 2 2 2 2 2
left_child=1 2 -1 5 -2 9 7 -3 -5 10 -4 13 -11 -12
right_child=4 6 3 8 -6 -7 -8 -9 -10 12 11 -13 -14 -15
leaf_value=0.073456157101306804 0.088845660049379133 0.0019866386194616263 -0.088148967562092118 0.076600174028696774 -0.088351888139676676 -0.0078333074204233639 0.075966645845203809 0.088694445567630856 -0.12687974922766615 -0.085481212699520664 0.048343850115984112 -0.087702791430378804 -0.24594980428261995 -0.029496729155579542
leaf_weight=18.470122300088406 46.604153767228127 481.68564090132713 49.03235662728548 15.003808401525022 6.1319627687335005 33.939271695911884 15.048542886972426 10.344837203621863 1.8914678320288647 12.829180628061296 14.620690450072287 24.407661579549313 4.0994502007961264 28.41509272903204
leaf_count=227 573 2178 615 158 94 267 150 117 10 170 170 305 29 282
internal_value=-0.000108016 -0.0051863 -0.0330465 -0.0437235 0.0682418 -0.0535716 0.00595105 0.00380965 0.0538201 -0.0652079 -0.0566135 -0.0336868 -0.12434 -0.00305169
internal_weight=762.524 709.788 202.709 184.239 52.7361 167.344 507.079 492.03 16.8953 133.404 116.476 67.4434 16.9286 43.0358
internal_count=5345 4678 2233 2006 667 1838 2445 2295 168 1571 1372 757 199 452
is_linear=0
shrinkage=0.08


Tree=26
num_leaves=15
num_cat=0
split_feature=10 11 9 16 17 0 1 10 16 8 13 4 1 15
split_gain=37.6938 30.2968 31.916 24.3602 24.3382 13.1642 19.7613 10.8706 10.781 10.9391 9.64532 9.58067 9.44147 8.7466
threshold=0.68500000000000016 1.0000000180025095e-35 1.0000000180025095e-35 1.0000000180025095e-35 1.0000000180025095e-35 1.5000000000000002 9.5000000000000018 0.67500000000000016 1.0000000180025095e-35 1.5000000000000002 1.0000000180025095e-35 1.0000000180025095e-35 22.500000000000004 1.0000000180025095e-35
decision_type=2 2 2 2 2 2 2 2 2 2 2 2 2 2
left_child=1 2 -1 5 -2 -4 10 11 9 13 -7 -8 -5 -3
right_child=4 8 3 12 -6 6 7 -9 -10 -11 -12 -13 -14 -15
leaf_value=0.071567675582355161 0.088124698695664277 0.0028941013373153298 -0.087480185917181166 0.074843605393047685 -0.087718625437484959 0.065341280960649228 -0.054887480620716245 -0.11096680741946482 0.074202556692892316 0.087956515907334665 -0.045255885234070793 0.014692121342226598 -0.11256332522287336 -0.10719987456806687
leaf_weight=17.481799565255642 43.358670309185982 476.94257773458958 45.594493597745895 14.162152737379076 5.6997177675366393 15.595987632870676 60.229943811893463 17.019483879208565 14.208421714603899 9.6263365969061834 7.4610305279493323 16.037598803639412 1.9583871886134137 4.6635650843381873
leaf_count=227 573 2142 615 158 94 142 674 204 150 117 89 114 10 36
internal_value=-9.73667e-05 -0.00484182 -0.0315812 -0.0417083 0.0676948 -0.0510444 -0.0367654 -0.0531568 0.00550289 0.00351582 0.0295531 -0.0402562 0.0520767 0.00182802
internal_weight=750.04 700.982 195.541 178.059 49.0584 161.939 116.344 93.287 505.441 491.232 23.057 76.2675 16.1205 481.606
internal_count=5345 4678 2233 2006 667 1838 1223 992 2445 2295 231 788 168 2178
is_linear=0
shrinkage=0.08


Tree=27
num_leaves=15
num_cat=0
split_feature=10 11 9 17 16 0 1 10 16 8 10 15 1 13
split_gain=34.3992 26.8458 28.3906 22.2951 21.5889 13.0677 17.438 9.90458 9.77708 10.0629 8.61512 8.2695 8.25523 7.91613
threshold=0.68500000000000016 1.0000000180025095e-35 1.0000000180025095e-35 1.0000000180025095e-35 1.0000000180025095e-35 1.5000000000000002 9.5000000000000018 0.67500000000000016 1.0000000180025095e-35 1.5000000000000002 0.52500000000000013 1.0000000180025095e-35 22.500000000000004 1.0000000180025095e-35
decision_type=2 2 2 2 2 2 2 2 2 2 2 2 2 2
left_child=1 2 11 -2 5 -4 13 10 9 -3 -8 -1 -6 -7
right_child=3 8 4 -5 12 6 7 -9 -10 -11 -12 -13 -14 -15
leaf_value=0.08643201165375955 0.087466418186873549 0.0016808064184990208 -0.086870395968644376 -0.087134019518515141 0.073102677704659377 0.057526919147510992 -0.044840030131598409 -0.10745246332069318 0.072459723443394269 0.087286581119150636 0.077301013610055078 -0.12075550785066887 -0.10079053794220859 -0.043276115824899097
leaf_weight=15.222278565168381 40.314055323600769 481.21673502773046 42.372428774833679 5.2953682206571093 13.372043780982493 16.266975156962875 69.841247126460075 16.204247549176216 13.418714225292204 8.9516495838761312 3.9023881107568732 1.3415710330009467 2.0098094791173926 7.1895725503563872
leaf_count=221 573 2178 615 94 158 142 751 204 150 117 37 6 10 89
internal_value=-9.71473e-05 -0.00453676 -0.0303577 0.0671949 -0.040036 -0.0489641 -0.0348007 -0.0508207 0.00508851 0.00324417 -0.0383765 0.0696511 0.0503816 0.0266302
internal_weight=736.919 691.31 187.723 45.6094 171.159 155.777 113.404 89.9479 503.587 490.168 73.7436 16.5638 15.3819 23.4565
internal_count=5345 4678 2233 667 2006 1838 1223 992 2445 2295 788 227 168 231
is_linear=0
shrinkage=0.08


Tree=28
num_leaves=15
num_cat=0
split_feature=10 15 1 16 13 14 1 17 9 8 11 6 5 1
split_gain=31.4081 24.9997 21.3736 24.4692 27.8875 36.6481 29.6945 20.4357 16.7144 15.7344 12.4186 10.9526 18.4369 8.94125
threshold=0.68500000000000016 1.0000000180025095e-35 15.500000000000002 1.0000000180025095e-35 1.0000000180025095e-35 1.0000000180025095e-35 5.5000000000000009 1.0000000180025095e-35 0.7250000000000002 1.0000000180025095e-35 1.0000000180025095e-35 0.58335000000000015 1.0000000180025095e-35 10.500000000000002
decision_type=2 2 2 2 2 2 2 2 2 2 2 2 2 2
left_child=1 2 3 4 11 13 -7 -2 9 -4 -8 12 -1 -6
right_child=7 -3 8 -5 5 6 10 -9 -10 -11 -12 -13 -14 -15
leaf_value=0.012419503646675335 0.086864668997590558 -0.092667834388813569 -0.046424921396964559 0.088357783456863556 -0.081783969335537832 -0.11337448605884638 -0.085842610605762315 -0.086594069758552591 0.09615340062677051 0.063656550077803534 0.052176851610993225 0.058174437694292376 -0.095725665370224713 -0.022852039376904391
leaf_weight=331.40476011484861 37.461864426732063 19.865464583039284 109.78321009129286 21.800683811306953 56.035765163600445 9.4582178592681867 4.5613850355148307 4.9174821265041819 6.2478934228420249 8.9905656874179822 48.907624527812004 31.8540158867836 10.40590714663267 23.339894130825996
leaf_count=1735 573 247 793 280 513 54 72 94 54 66 225 372 88 179
internal_value=-9.00947e-05 -0.00423876 -0.00158832 0.00533853 0.0018308 -0.0283074 0.0172892 0.0667374 -0.0313835 -0.0380923 0.0404026 0.0133083 0.00912719 -0.0644554
internal_weight=725.035 682.655 662.79 537.768 515.968 142.303 62.9272 42.3793 125.022 118.774 53.469 373.665 341.811 79.3757
internal_count=5345 4678 4431 3518 3238 1043 351 667 913 859 297 2195 1823 692
is_linear=0
shrinkage=0.08


Tree=29
num_leaves=15
num_cat=0
split_feature=10 15 10 10 17 11 0 1 6 1 4 18 18 0
split_gain=28.6992 22.9208 18.9744 22.8564 18.7418 16.9054 20.6611 17.3704 12.6505 12.4351 12.1074 12.0505 10.5533 14.7904
threshold=0.68500000000000016 1.0000000180025095e-35 0.67500000000000016 1.0000000180025095e-35 1.0000000180025095e-35 1.0000000180025095e-35 1.5000000000000002 13.500000000000002 0.29165000000000002 12.500000000000002 1.0000000180025095e-35 1.0000000180025095e-35 1.0000000180025095e-35 1.5000000000000002
decision_type=2 2 2 2 2 2 2 2 2 2 2 2 2 2
left_child=1 2 3 5 -2 6 -1 8 9 -8 -9 -11 13 -7
right_child=4 -3 -4 -5 -6 12 7 10 -10 11 -12 -13 -14 -15
leaf_value=-0.085976693571722329 0.08631402441409422 -0.09173963956289552 -0.085367584750268524 0.062643571032825598 -0.086095166934682152 -0.0083218063564984845 0.016105830137531175 -0.077264925894533334 -0.053471695713330797 0.0082080460401524717 0.027103339398966801 0.19480803289328191 -0.034062143057590359 0.021288334162262154
leaf_weight=30.862741131335497 34.793292194604874 18.516122911125422 16.813968442380428 36.006128471344709 4.5646440386772147 200.6090567484498 33.868948459625244 29.128059729933739 12.281202450394629 3.6724858209490758 9.412324905395506 5.5808771401643753 42.709725558757782 233.78069031983614
leaf_count=505 573 247 227 461 94 854 374 377 116 55 62 25 185 1190
internal_value=-8.21633e-05 -0.00396396 -0.0014816 0.000729451 0.0663184 -0.00297426 -0.0291877 -0.0105312 0.0181601 0.0385608 -0.0517761 0.12075 0.00388302 0.00761383
internal_weight=712.6 673.242 654.726 637.912 39.3579 601.906 124.807 93.9439 55.4035 43.1223 38.5404 9.25336 477.099 434.39
internal_count=5345 4678 4431 4204 667 3743 1514 1009 570 454 439 80 2229 2044
is_linear=0
shrinkage=0.08


Tree=30
num_leaves=15
num_cat=0
split_feature=10 15 1 16 13 14 1 17 9 8 11 6 5 1
split_gain=26.2527 21.0189 17.802 22.111 22.7674 31.344 25.4307 17.1969 14.4163 13.1803 10.1483 9.20586 16.0195 8.22735
threshold=0.68500000000000016 1.0000000180025095e-35 15.500000000000002 1.0000000180025095e-35 1.0000000180025095e-35 1.0000000180025095e-35 5.5000000000000009 1.0000000180025095e-35 0.7250000000000002 1.0000000180025095e-35 1.0000000180025095e-35 0.58335000000000015 1.0000000180025095e-35 10.500000000000002
decision_type=2 2 2 2 2 2 2 2 2 2 2 2 2 2
left_child=1 2 3 4 11 13 -7 -2 9 -4 -8 12 -1 -6
right_child=7 -3 8 -5 5 6 10 -9 -10 -11 -12 -13 -14 -15
leaf_value=0.011267974553309015 0.085809690123641577 -0.090879229848984444 -0.042885558167407328 0.087599621803080771 -0.077904572801744107 -0.10680491000501384 -0.085008827219507727 -0.08563405421569957 0.094472121903659403 0.060450840923465109 0.048001643183789869 0.054692118665005451 -0.093412294793756775 -0.020532957812789968
leaf_weight=330.19574056193233 32.299344796687365 17.247777532786131 106.730708129704 19.93661193177104 52.851666461676359 9.1323588117957097 3.97321007028222 4.2354649826884261 5.7578434012830249 8.5308893769979459 48.286332562565804 29.77610444650054 9.6290355548262578 22.941157348453999
leaf_count=1735 573 247 793 280 513 54 72 94 54 66 225 372 88 179
internal_value=-9.08675e-05 -0.00371832 -0.00139744 0.00495968 0.00170868 -0.0261235 0.0163651 0.0659343 -0.029066 -0.0352373 0.0378891 0.0120392 0.00830183 -0.0605392
internal_weight=701.524 664.989 647.742 526.722 506.786 137.185 61.3919 36.5348 121.019 115.262 52.2595 369.601 339.825 75.7928
internal_count=5345 4678 4431 3518 3238 1043 351 667 913 859 297 2195 1823 692
is_linear=0
shrinkage=0.08


Tree=31
num_leaves=15
num_cat=0
split_feature=10 15 10 10 17 11 0 1 4 6 1 18 18 0
split_gain=24.0185 19.2907 16.3358 18.936 15.7868 13.8403 18.8663 14.914 10.5526 10.2882 9.71977 9.25888 8.87017 12.383
threshold=0.68500000000000016 1.0000000180025095e-35 0.67500000000000016 1.0000000180025095e-35 1.0000000180025095e-35 1.0000000180025095e-35 1.5000000000000002 13.500000000000002 1.0000000180025095e-35 0.29165000000000002 12.500000000000002 1.0000000180025095e-35 1.0000000180025095e-35 1.5000000000000002
decision_type=2 2 2 2 2 2 2 2 2 2 2 2 2 2
left_child=1 2 3 5 -2 6 -1 9 -9 10 -8 -12 13 -7
right_child=4 -3 -4 -5 -6 12 7 8 -10 -11 11 -13 -14 -15
leaf_value=-0.085267016197329057 0.085347386781510479 -0.090081214365413664 -0.080813688228759284 0.059353206546699483 -0.085207781913311839 -0.007590346294712445 0.01472443096146051 -0.074894168394927227 0.024579101622287335 -0.050385082224147643 0.0040124288615769003 0.16783188830837717 -0.031303462162041294 0.019611674357506905
leaf_weight=27.394386976957321 29.970987923443317 16.057016059756279 16.120855111628771 33.401060968637466 3.9285922572016707 199.87017773836851 33.459273751825094 26.724700029939413 9.1664846390485746 11.457550935447214 3.5240985304117185 5.9126425534486771 42.546670615673065 230.76049584150314
leaf_count=505 573 247 227 461 94 854 374 377 62 116 55 25 185 1190
internal_value=-8.27373e-05 -0.00347399 -0.00130224 0.000751195 0.0655819 -0.0025618 -0.0271186 -0.00946726 -0.049489 0.0169602 0.0349482 0.106654 0.0035434 0.0069863
internal_weight=690.295 656.395 640.338 624.218 33.8996 590.816 117.639 90.2448 35.8912 54.3536 42.896 9.43674 473.177 430.631
internal_count=5345 4678 4431 4204 667 3743 1514 1009 439 570 454 80 2229 2044
is_linear=0
shrinkage=0.08


Tree=32
num_leaves=15
num_cat=0
split_feature=10 15 1 16 13 14 1 17 9 8 11 0 6 5
split_gain=21.9955 17.7075 14.8206 20.0415 18.6113 26.7512 21.8205 14.4984 12.4855 11.0474 8.31803 7.82075 8.10298 13.311
threshold=0.68500000000000016 1.0000000180025095e-35 15.500000000000002 1.0000000180025095e-35 1.0000000180025095e-35 1.0000000180025095e-35 5.5000000000000009 1.0000000180025095e-35 0.7250000000000002 1.0000000180025095e-35 1.0000000180025095e-35 2.5000000000000004 0.87500000000000011 1.0000000180025095e-35
decision_type=2 2 2 2 2 2 2 2 2 2 2 2 2 2
left_child=1 2 3 4 11 -6 -7 -2 9 -4 -8 12 13 -1
right_child=7 -3 8 -5 5 6 10 -9 -10 -11 -12 -13 -14 -15
leaf_value=0.0078587521438459144 0.084923306691995576 -0.089340808436892655 -0.039564585104848872 0.086940944287082753 -0.056766183958304309 -0.10089294450971192 -0.084315777882382245 -0.084813653697963093 0.09302796529741153 0.057403669593262506 0.044182722269404458 0.071914306605826359 0.050520907523908115 -0.091154841105327483
leaf_weight=316.62959607690573 27.799248982220892 14.940339788794516 104.01988541707397 18.252102810889482 72.568440478295088 8.8004996851086599 3.4579855799674979 3.6427158154547206 5.3064680658280841 8.1052890568971616 47.661082997918129 12.965953115373848 27.294126227498055 8.9348395839333516
leaf_count=1604 573 247 793 280 692 54 72 94 54 66 225 137 366 88
internal_value=-8.8983e-05 -0.00325516 -0.00122652 0.00460536 0.00158959 -0.0241011 0.0154595 0.0652584 -0.0268802 -0.032555 0.0354904 0.0108938 0.00865158 0.00514141
internal_weight=680.379 648.937 633.996 516.565 498.313 132.488 59.9196 31.442 117.432 112.125 51.1191 365.825 352.859 325.564
internal_count=5345 4678 4431 3518 3238 1043 351 667 913 859 297 2195 2058 1692
is_linear=0
shrinkage=0.08


Tree=33
num_leaves=15
num_cat=0
split_feature=10 15 10 10 17 11 0 1 4 6 8 1 1 16
split_gain=20.1428 16.2676 13.8607 15.7222 13.3205 11.4241 17.3324 12.7664 9.22246 8.33084 7.96315 7.81886 8.75597 9.86315
threshold=0.68500000000000016 1.0000000180025095e-35 0.67500000000000016 1.0000000180025095e-35 1.0000000180025095e-35 1.0000000180025095e-35 1.5000000000000002 13.500000000000002 1.0000000180025095e-35 0.29165000000000002 1.5000000000000002 12.500000000000002 9.5000000000000018 1.0000000180025095e-35
decision_type=2 2 2 2 2 2 2 2 2 2 2 2 2 2
left_child=1 2 3 5 -2 6 -1 9 -9 11 -7 12 -8 -14
right_child=4 -3 -4 -5 -6 10 7 8 -10 -11 -12 -13 13 -15
leaf_value=-0.084700224666982488 0.084534035519977985 -0.088653708374902593 -0.075899970349018075 0.05615719318469542 -0.084449215623297713 0.0019375770777111593 0.042120027775139679 -0.072513343360606081 0.022389447613361112 -0.047239201078132849 0.08579924265594531 0.095654401011159712 -0.089851954961928091 0.084897041858751396
leaf_weight=24.484813019633293 25.775307301431898 13.894218064844607 15.478476919233797 31.115343622863293 3.37657288275659 461.73678937554359 22.230355199426413 24.565162431448698 8.9378544390201551 10.716338109225033 7.3622053563594809 9.498359762132166 8.1283090747892839 2.7721002101898184
leaf_count=505 573 247 227 461 94 2112 226 377 62 116 117 80 97 51
internal_value=-7.54584e-05 -0.00303361 -0.00113636 0.000755927 0.0649612 -0.00221398 -0.025252 -0.00849201 -0.0471954 0.0158152 0.00325373 0.0316662 0.0133212 -0.0454113
internal_weight=670.072 640.92 627.026 611.548 29.1519 580.432 111.333 86.8485 33.503 53.3455 469.099 42.6291 33.1308 10.9004
internal_count=5345 4678 4431 4204 667 3743 1514 1009 439 570 2229 454 374 148
is_linear=0
shrinkage=0.08


Tree=34
num_leaves=15
num_cat=0
split_feature=10 15 17 1 9 16 1 0 13 1 14 1 4 1
split_gain=18.4652 14.9446 12.2427 12.0856 11.9191 10.944 12.4365 10.8456 10.7268 15.9264 14.6088 26.7338 12.4493 8.98785
threshold=0.68500000000000016 1.0000000180025095e-35 1.0000000180025095e-35 16.500000000000004 0.7250000000000002 1.0000000180025095e-35 15.500000000000002 2.5000000000000004 1.0000000180025095e-35 5.5000000000000009 1.0000000180025095e-35 15.500000000000002 1.0000000180025095e-35 14.500000000000002
decision_type=2 2 2 2 2 2 2 2 2 2 2 2 2 2
left_child=1 3 -2 5 -5 7 -7 8 13 -10 11 -11 -13 -1
right_child=2 -3 -4 4 -6 6 -8 -9 9 10 -12 12 -14 -15
leaf_value=0.0098894043908097345 0.084176507460756514 -0.088016007722703585 -0.084112198567999064 -0.040679749761995232 0.091913630077205238 0.086338541894675352 -0.12507512774105789 0.056657555077458427 -0.084815667454403457 -0.048171360969006614 0.0214155013109966 0.35906458908613614 0.019858836273204609 -0.028767883552441913
leaf_weight=332.93326893821359 23.890559244900945 12.915131244808434 3.1289514973759642 66.687339216470718 4.6408699601888648 16.473671235144142 1.9966205172240723 21.38566355779767 21.057670678943396 56.701534807682037 53.250861279666424 1.5276164375245562 1.2666275426745415 43.524329744279385
leaf_count=1948 573 247 94 564 51 280 13 210 179 558 300 18 18 292
internal_value=-8.14341e-05 -0.00284018 0.0646881 -0.00107002 -0.0320527 0.00294719 0.0634849 0.000844015 -0.00149519 -0.0209511 -0.00902315 -0.0362668 0.205303 0.00542002
internal_weight=661.381 634.361 27.0195 621.446 71.3282 550.118 18.4703 531.648 510.262 133.804 112.747 59.4958 2.79424 376.458
internal_count=5345 4678 667 4431 615 3816 293 3523 3313 1073 894 594 36 2240
is_linear=0
shrinkage=0.08


Tree=35
num_leaves=15
num_cat=0
split_feature=10 15 10 10 17 0 9 1 1 1 6 6 17 18
split_gain=16.9279 13.739 11.6149 13.4793 11.2559 10.4193 37.0237 17.5832 13.4043 11.3777 9.92356 11.8898 9.32354 8.47986
threshold=0.68500000000000016 1.0000000180025095e-35 0.67500000000000016 1.0000000180025095e-35 1.0000000180025095e-35 1.5000000000000002 1.0000000180025095e-35 15.500000000000002 7.5000000000000009 8.5000000000000018 0.29165000000000002 0.58335000000000015 1.0000000180025095e-35 1.0000000180025095e-35
decision_type=2 2 2 2 2 2 2 2 2 2 2 2 2 2
left_child=1 2 3 5 -2 6 9 8 -7 12 -10 -12 -1 -9
right_child=4 -3 -4 -5 -6 7 -8 13 10 -11 11 -13 -14 -15
leaf_value=0.0054620466895276155 0.083847970836174443 -0.087424156718692692 -0.070583101750454902 0.053353814545677745 -0.083800536456076394 -0.068985821086019514 -0.089060331337610918 -0.011683691505620692 0.026538494568890209 -0.04021628272772957 -0.10829018273720217 0.021659704981977002 0.12361783514359682 -0.075594567029730483
leaf_weight=143.34750097990036 22.13666678220034 11.999601300805805 14.977618047967551 29.626978777348995 2.8986923173069945 10.867468915879725 36.612633135169744 84.044705890119076 221.42199109122157 37.769312560558319 7.9555045105516937 10.392805270850657 4.4055167734622946 15.781716659665106
leaf_count=579 573 247 227 461 94 59 615 569 1436 153 95 71 18 148
internal_value=-7.53052e-05 -0.00264218 -0.000993862 0.000736852 0.064437 -0.00198561 -0.0155406 0.00660593 0.0179147 -0.00103152 0.0218535 -0.0346843 0.00898507 -0.0217875
internal_weight=654.239 629.203 617.204 602.226 25.0354 572.599 222.135 350.464 250.638 185.522 239.77 18.3483 147.753 99.8264
internal_count=5345 4678 4431 4204 667 3743 1365 2378 1661 750 1602 166 597 717
is_linear=0
shrinkage=0.08


Tree=36
num_leaves=15
num_cat=0
split_feature=16 15 13 1 14 6 5 1 12 1 6 1 1 0
split_gain=15.7302 12.5597 11.3118 13.3376 15.0148 11.4712 10.2587 9.64751 10.2626 9.3249 9.91952 9.12021 9.36391 7.77687
threshold=1.0000000180025095e-35 1.0000000180025095e-35 1.0000000180025095e-35 5.5000000000000009 1.0000000180025095e-35 0.58335000000000015 1.0000000180025095e-35 14.500000000000002 1.5000000000000002 10.500000000000002 1.0000000180025095e-35 12.500000000000002 11.500000000000002 1.5000000000000002
decision_type=2 2 2 2 2 2 2 2 2 2 2 2 2 2
left_child=1 2 5 -4 9 6 7 11 -9 -5 -11 12 -1 -13
right_child=-2 -3 3 4 -6 -7 -8 8 -10 10 -12 13 -14 -15
leaf_value=0.0080758112064770321 0.059203750371877889 -0.086874889081891754 -0.080880595002250075 -0.066329679299391986 0.017290101835850901 0.043119598327970181 -0.089019795834599444 -0.074241819773569501 -0.0067392100540350896 0.024768381208744111 -0.058873628299419334 -0.14118050507494373 -0.045569153888729799 0.045272952374610063
leaf_weight=232.25981675088406 27.423245180398226 11.144217822700737 19.915814477950335 34.001011595129967 64.315022025257349 45.987757470458746 7.9507631100714198 18.052642807364464 71.523332148790359 22.743700724095106 15.098670959472654 1.4733462631702412 22.875788751989603 50.61643086001277
leaf_count=1185 508 247 179 392 390 789 89 292 418 162 262 6 151 275
internal_value=-8.44746e-05 -0.00271552 -0.00116992 -0.019732 -0.0107878 0.00525742 0.000955539 0.00275839 -0.0203433 -0.0359235 -0.00860382 0.00949402 0.00326593 0.0399992
internal_weight=645.382 617.958 606.814 156.074 136.158 450.74 404.752 396.801 89.576 71.8434 37.8424 307.225 255.136 52.0898
internal_count=5345 4837 4590 1385 1206 3205 2416 2327 710 816 424 1617 1336 281
is_linear=0
shrinkage=0.08


Tree=37
num_leaves=15
num_cat=0
split_feature=10 15 10 10 17 11 0 1 18 0 9 1 14 1
split_gain=15.0155 11.5827 10.0486 11.2602 10.0051 8.41767 14.3932 9.67661 7.86557 8.16105 17.8545 11.0934 10.1787 8.01484
threshold=0.68500000000000016 1.0000000180025095e-35 0.67500000000000016 1.0000000180025095e-35 1.0000000180025095e-35 1.0000000180025095e-35 1.5000000000000002 13.500000000000002 1.0000000180025095e-35 1.5000000000000002 1.0000000180025095e-35 7.5000000000000009 1.0000000180025095e-35 3.5000000000000004
decision_type=2 2 2 2 2 2 2 2 2 2 2 2 2 2
left_child=1 2 3 5 -2 6 -1 -8 9 10 11 13 -13 -7
right_child=4 -3 -4 -5 -6 8 7 -9 -10 -11 -12 12 -14 -15
leaf_value=-0.083806053035055297 0.083481156567513093 -0.086365215620104852 -0.066864571772249651 0.05026148460055576 -0.08334323537240497 -0.074645427352539401 0.013304971852247048 -0.043710483722019883 -0.030445227220020941 0.016488554636451162 -0.095042424237223172 -0.053623196927501886 0.0070509620453945631 0.021277719320857928
leaf_weight=19.846980322152376 19.862025506794456 10.345653900876639 14.469239283353089 27.859701242297888 2.6022754311561576 5.8821469098329535 51.35050105676055 30.287737507373095 41.58689945936203 223.48100156709552 13.387450061738489 36.421321704983711 34.417699947953224 106.68750160932541
leaf_count=505 573 247 227 461 94 24 570 439 185 1190 110 150 138 432
internal_value=-8.83982e-05 -0.00243118 -0.000997492 0.000614538 0.0641561 -0.00184069 -0.0227025 -0.00784773 0.00274328 0.00602732 -0.00585242 0.000657774 -0.0241442 0.0162654
internal_weight=638.488 616.024 605.678 591.209 22.4643 563.349 101.485 81.6382 461.864 420.277 196.796 183.409 70.839 112.57
internal_count=5345 4678 4431 4204 667 3743 1514 1009 2229 2044 854 744 288 456
is_linear=0
shrinkage=0.08


Tree=38
num_leaves=15
num_cat=0
split_feature=10 15 17 1 9 0 16 1 8 14 6 13 1 6
split_gain=13.7847 10.656 9.2049 8.77515 10.1309 8.73449 8.67068 12.3888 7.74905 9.22754 6.72523 6.61878 12.5877 10.3391
threshold=0.68500000000000016 1.0000000180025095e-35 1.0000000180025095e-35 16.500000000000004 0.7250000000000002 2.5000000000000004 1.0000000180025095e-35 15.500000000000002 1.0000000180025095e-35 1.0000000180025095e-35 1.1250000000000002 1.0000000180025095e-35 5.5000000000000009 0.36665000000000009
decision_type=2 2 2 2 2 2 2 2 2 2 2 2 2 2
left_child=1 3 -2 5 8 6 11 -8 9 10 -5 -1 -13 -14
right_child=2 -3 -4 4 -6 -7 7 -9 -10 -11 -12 12 13 -15
leaf_value=0.0040481409550395774 0.083209366540349397 -0.085892349818325733 -0.083088820323093102 -0.086511957664775055 0.09137015756861866 0.053775058167202031 0.085313657662346123 -0.13353046884792938 0.048729728925437733 -0.014147759716185589 0.10023445178553676 -0.077367684643819684 0.00044018196184706461 -0.094055793431252893
leaf_weight=369.08009884133935 18.392416154965762 9.6006844341754896 2.4092599283903828 26.739880634471778 4.2792059220373622 20.473854932934046 13.798777695745226 1.8812530525028712 6.2742869071662417 30.180100589990616 1.2939127273857582 18.899946944788098 99.703421521931887 8.0052680149674398
leaf_count=2240 573 247 94 286 51 215 277 11 51 218 9 179 790 104
internal_value=-9.26526e-05 -0.00227578 0.0639486 -0.000939176 -0.0278311 0.00253795 0.000486554 0.0590573 -0.0357408 -0.0448451 -0.0778926 -0.0013662 -0.0171497 -0.00658307
internal_weight=631.012 610.211 20.8017 600.61 68.7674 531.843 511.369 15.68 64.4882 58.2139 28.0338 495.689 126.609 107.709
internal_count=5345 4678 667 4431 615 3816 3601 288 564 513 295 3313 1073 894
is_linear=0
shrinkage=0.08


Tree=39
num_leaves=15
num_cat=0
split_feature=10 15 17 10 10 11 0 1 18 8 4 14 1 1
split_gain=12.6518 9.81088 8.47084 7.94331 9.81821 7.22442 13.4301 8.59204 6.83383 6.72299 6.25805 5.82561 10.3161 14.5161
threshold=0.68500000000000016 1.0000000180025095e-35 1.0000000180025095e-35 0.67500000000000016 1.0000000180025095e-35 1.0000000180025095e-35 1.5000000000000002 9.5000000000000018 1.0000000180025095e-35 1.0000000180025095e-35 1.0000000180025095e-35 1.0000000180025095e-35 18.500000000000004 10.500000000000002
decision_type=2 2 2 2 2 2 2 2 2 2 2 2 2 2
left_child=1 3 -2 4 5 6 -1 -8 9 11 -6 12 13 -7
right_child=2 -3 -4 -5 10 8 7 -9 -10 -11 -12 -13 -14 -15
leaf_value=-0.083462538308500797 0.082959173908055975 -0.085453724879396203 -0.082853656922624988 -0.060707050452187258 -0.066820696358238826 -0.023053047131065409 0.034277373130836751 -0.023733594826228926 -0.028459350499680777 0.038288086975958126 0.060953779005282857 0.012569357707547406 -0.10148722673379235 0.021980425199601056
leaf_weight=18.174655066803098 17.027464821934704 8.9061922095715982 2.2300835289061061 13.866377746686338 2.7322881147265461 106.29310268908739 22.781899981200695 57.788664393126965 41.456398546695709 36.717381399124861 24.015897423028946 185.62118528410792 7.1610924005508414 80.506520241498947
leaf_count=505 573 247 94 227 18 495 230 779 185 297 443 820 34 398
internal_value=-7.94885e-05 -0.00210804 0.0637575 -0.000864907 0.000557803 -0.00171778 -0.0213431 -0.00733058 0.00251572 0.00560031 0.0479018 0.00243839 -0.00725699 -0.00364461
internal_weight=625.279 606.022 19.2575 597.115 583.249 556.501 98.7452 80.5706 457.756 416.299 26.7482 379.582 193.961 186.8
internal_count=5345 4678 667 4431 4204 3743 1514 1009 2229 2044 461 1747 927 893
is_linear=0
shrinkage=0.08


Tree=40
num_leaves=15
num_cat=0
split_feature=9 16 11 18 4 1 1 1 4 14 9 0 1 13
split_gain=12.1587 9.8522 9.78197 13.3452 8.77265 8.27537 12.5214 7.99267 16.9164 7.70747 7.40855 8.26427 10.5119 6.25731
threshold=0.7250000000000002 1.0000000180025095e-35 1.0000000180025095e-35 1.0000000180025095e-35 1.0000000180025095e-35 13.500000000000002 12.500000000000002 15.500000000000002 1.0000000180025095e-35 1.0000000180025095e-35 1.0000000180025095e-35 1.5000000000000002 9.5000000000000018 1.0000000180025095e-35
decision_type=2 2 2 2 2 2 2 2 2 2 2 2 2 2
left_child=1 2 3 9 5 6 -5 -3 -9 10 -1 -12 13 -13
right_child=-2 7 -4 4 -6 -7 -8 8 -10 -11 11 12 -14 -15
leaf_value=0.083358774243003281 0.087186070580732786 0.08453422775931968 0.0018684862271735225 -0.031461722423920188 0.088526505730650226 -0.085661031079501876 0.1050173649822583 -0.17098941110574667 0.08900226583369189 -0.084615439066330608 -0.083604602149894194 0.074752102276668356 -0.041568534463342847 -0.030134381358442423
leaf_weight=3.6736018396913996 10.053589899092911 14.767934516072275 464.25939982011914 10.899537265300756 8.8027381338179094 6.0610713437199584 7.1079512536525717 2.7880450934171668 3.7639496941119432 19.000045072287321 15.971899107098578 10.044176029041408 36.139617247506976 5.7094611376523963
leaf_count=95 237 358 2384 99 194 109 37 12 71 475 451 85 652 86
internal_value=-7.43244e-05 -0.00151488 -0.00345298 -0.0234719 0.0201884 -0.00480534 0.0224096 0.0519078 -0.021631 -0.0393234 -0.0272942 -0.033284 -0.0177961 0.036739
internal_weight=619.043 608.989 587.669 123.41 32.8713 24.0686 18.0075 21.3199 6.55199 90.5388 71.5388 67.8652 51.8933 15.7536
internal_count=5345 5108 4667 2283 439 245 136 441 83 1844 1369 1274 823 171
is_linear=0
shrinkage=0.08


Tree=41
num_leaves=15
num_cat=0
split_feature=9 16 11 18 4 14 1 1 1 4 9 0 1 8
split_gain=11.1395 8.94541 8.63819 11.7174 8.12423 7.5299 7.49718 10.4581 7.38389 14.7422 6.61588 8.04305 8.90926 6.19937
threshold=0.7250000000000002 1.0000000180025095e-35 1.0000000180025095e-35 1.0000000180025095e-35 1.0000000180025095e-35 1.0000000180025095e-35 13.500000000000002 12.500000000000002 15.500000000000002 1.0000000180025095e-35 1.0000000180025095e-35 1.5000000000000002 9.5000000000000018 1.5000000000000002
decision_type=2 2 2 2 2 2 2 2 2 2 2 2 2 2
left_child=1 2 3 5 6 10 7 -5 -3 -10 -1 -12 -13 -4
right_child=-2 8 13 4 -6 -7 -8 -9 9 -11 11 12 -14 -15
leaf_value=0.083090140971966972 0.086639731412419096 0.084182352192696902 0.00068518244200194546 -0.029419210043973881 0.087932215740312181 -0.084253108772334231 -0.085206352060791413 0.095147140888632104 -0.15894800823580404 0.088293357363385866 -0.083322344753636271 0.032849459860466036 -0.038758895553325227 0.084372445532909651
leaf_weight=3.4016800858080378 9.3367769904434663 13.68718924559653 458.43455125391483 10.730978950858121 8.1786423698067683 17.611613856628537 5.6237157285213462 7.212838500738143 2.7602832466363898 3.5013249479234219 14.791837831959127 16.154509030282497 35.678546655923128 5.7360010407865039
leaf_count=95 237 358 2267 99 194 475 109 37 12 71 451 171 652 117
internal_value=-7.45193e-05 -0.00141607 -0.00321688 -0.0224091 0.019233 -0.0374936 -0.00460771 0.0206525 0.0512623 -0.0206972 -0.0257336 -0.0312899 -0.0164411 0.00171935
internal_weight=612.84 603.504 583.555 119.384 31.7462 87.6382 23.5675 17.9438 19.9488 6.26161 70.0266 66.6249 51.8331 464.171
internal_count=5345 5108 4667 2283 439 1844 245 136 441 83 1369 1274 823 2384
is_linear=0
shrinkage=0.08


Tree=42
num_leaves=15
num_cat=0
split_feature=10 15 17 1 9 0 16 1 8 14 6 5 1 10
split_gain=10.5185 8.05157 7.18513 6.67803 7.6274 6.89815 6.34862 9.0573 6.00703 7.6447 5.79444 4.88686 4.79525 4.24574
threshold=0.68500000000000016 1.0000000180025095e-35 1.0000000180025095e-35 16.500000000000004 0.7250000000000002 2.5000000000000004 1.0000000180025095e-35 15.500000000000002 1.0000000180025095e-35 1.0000000180025095e-35 1.1250000000000002 1.5000000000000002 3.5000000000000004 0.67500000000000016
decision_type=2 2 2 2 2 2 2 2 2 2 2 2 2 2
left_child=1 3 -2 5 8 6 12 -8 9 10 11 -5 -1 -14
right_child=2 -3 -4 4 -6 -7 7 -9 -10 -11 -12 -13 13 -15
leaf_value=-0.065127718213502439 0.082523090515610451 -0.084875838786568347 -0.082440791568596392 -0.069432140629215447 0.089249193181031125 0.049732137607377144 0.08418608846274428 -0.10290620412657132 0.045148455125730451 -0.011192962563357809 0.099198113490567175 -0.21107088643614258 0.00084395405806380523 -0.065986549484436025
leaf_weight=7.3501771353185168 14.439997220411897 7.3772199526429167 1.9137602765113122 23.783007081598051 3.5419466812163583 18.879638057202101 10.943018805235621 1.9513221308588988 5.9189140275120726 29.007401254028082 1.2280991449952114 1.6683594658970822 472.52280523441732 6.1632778756320468
leaf_count=55 573 247 94 278 51 215 277 11 51 218 9 8 3159 99
internal_value=-7.00131e-05 -0.00182326 0.0632186 -0.000772251 -0.0249119 0.00226486 0.000468684 0.0558731 -0.0314755 -0.0396198 -0.070527 -0.0787167 -0.00100117 -1.65158e-05
internal_weight=606.689 590.335 16.3538 582.958 65.1477 517.81 498.931 12.8943 61.6058 55.6869 26.6795 25.4514 486.036 478.686
internal_count=5345 4678 667 4431 615 3816 3601 288 564 513 295 286 3313 3258
is_linear=0
shrinkage=0.08


Tree=43
num_leaves=15
num_cat=0
split_feature=10 15 17 16 10 13 14 10 11 0 1 9 1 1
split_gain=9.66324 7.41719 6.61648 5.7686 7.47844 6.65993 10.9507 5.73948 6.14734 9.92451 6.55662 5.95422 5.70115 6.95564
threshold=0.68500000000000016 1.0000000180025095e-35 1.0000000180025095e-35 1.0000000180025095e-35 0.67500000000000016 1.0000000180025095e-35 1.0000000180025095e-35 1.0000000180025095e-35 1.0000000180025095e-35 1.5000000000000002 9.5000000000000018 1.0000000180025095e-35 12.500000000000002 13.500000000000002
decision_type=2 2 2 2 2 2 2 2 2 2 2 2 2 2
left_child=1 3 -2 4 7 6 -5 8 9 -1 -11 -9 -12 -14
right_child=2 -3 -4 5 -6 -7 -8 11 -10 10 12 -13 13 -15
leaf_value=-0.082707407787592876 0.082327570403110131 -0.084514097337857613 -0.08225469659081186 0.085332677251783839 -0.064949402964095057 0.085161333125114966 -0.13471854410315129 0.083442748711818865 0.0013705673750804221 0.025402088902297192 -0.070424221236955478 -0.0012052654679768683 0.048768888818755469 -0.032707690522983487
leaf_weight=14.398372299969195 13.360169453546401 6.8379982262849799 1.7704580686986453 2.9651744756847629 11.84434969909489 10.290603380650282 2.827481959015131 10.369457129389048 448.28001422062516 22.805649638175964 13.64657988399267 10.917797705158591 9.4980620630085451 22.810331841930747
leaf_count=505 573 247 94 71 213 249 15 275 2127 204 180 107 69 416
internal_value=-5.54149e-05 -0.00168117 0.0630695 -0.000705702 -0.00205155 0.0465374 -0.0220776 -0.00070371 -0.00233527 -0.0223121 -0.00966544 0.0400285 -0.0270681 -0.0087551
internal_weight=602.623 587.492 15.1306 580.654 564.571 16.0833 5.79266 552.726 531.439 83.159 68.7606 21.2873 45.955 32.3084
internal_count=5345 4678 667 4431 4096 335 86 3883 3501 1374 869 382 665 485
is_linear=0
shrinkage=0.08


Tree=44
num_leaves=15
num_cat=0
split_feature=9 15 1 16 1 7 12 8 4 8 14 1 1 18
split_gain=9.06251 6.89404 6.50476 6.35118 6.60172 5.54343 6.51317 5.3086 5.04041 4.53363 7.49747 9.74399 4.3441 4.33723
threshold=0.7250000000000002 1.0000000180025095e-35 16.500000000000004 1.0000000180025095e-35 15.500000000000002 0.87500000000000011 1.5000000000000002 1.5000000000000002 1.0000000180025095e-35 1.0000000180025095e-35 1.0000000180025095e-35 22.500000000000004 3.5000000000000004 1.0000000180025095e-35
decision_type=2 2 2 2 2 2 2 2 2 2 2 2 2 2
left_child=1 2 3 7 -5 -4 -7 12 -6 10 -8 13 -1 -12
right_child=-2 -3 5 4 8 6 9 -9 -10 -11 11 -13 -14 -15
leaf_value=-0.061127956906279125 0.08582294873517729 -0.084178357648273736 0.0620862267868603 0.083288725728164384 -0.16005981880183118 -0.085363267223533476 -0.063851466619025909 0.083809839420214888 0.089515908140567757 0.051030210806209349 0.0020194393658161287 0.14081894380582533 0.0013359421199123007 -0.09269893552949357
leaf_weight=7.2297573201358309 7.7628333847969762 6.33642254769802 4.4069009376689783 10.890059661120175 1.4033976495265954 11.359895991161464 19.118196153081954 4.9357244074344626 0.82078856043517578 5.4056137651205054 16.422769386321313 2.9065415561199179 494.57742214389145 3.812249954789876
leaf_count=55 237 247 61 358 6 224 237 114 17 45 78 12 3623 31
internal_value=-5.14945e-05 -0.00118209 -0.000280481 0.00267057 0.057637 -0.0244658 -0.0309278 0.00124807 -0.0679592 -0.0179545 -0.0267786 0.00384889 0.000435997 -0.0158254
internal_weight=597.389 589.626 583.289 519.857 13.1142 63.4322 59.0253 506.743 2.22419 47.6654 42.2598 23.1416 501.807 20.235
internal_count=5345 5108 4861 4173 381 688 627 3792 23 403 358 121 3678 109
is_linear=0
shrinkage=0.08


Tree=45
num_leaves=15
num_cat=0
split_feature=10 15 17 8 16 10 13 14 10 9 1 1 13 1
split_gain=8.46558 6.28546 6.03307 5.25408 5.00937 6.15296 5.69702 8.68713 5.2153 5.70434 5.34541 4.71155 4.48583 4.53258
threshold=0.68500000000000016 1.0000000180025095e-35 1.0000000180025095e-35 1.5000000000000002 1.0000000180025095e-35 0.67500000000000016 1.0000000180025095e-35 1.0000000180025095e-35 1.0000000180025095e-35 1.0000000180025095e-35 15.500000000000002 26.500000000000004 1.0000000180025095e-35 7.5000000000000009
decision_type=2 2 2 2 2 2 2 2 2 2 2 2 2 2
left_child=1 3 -2 4 5 8 7 -6 11 -10 12 -1 13 -11
right_child=2 -3 -4 -5 6 -7 -8 -9 9 10 -12 -13 -14 -15
leaf_value=-0.0023409248045225001 0.082069797500229275 -0.083866857481913221 -0.082104725707172366 0.083516059218717409 0.084614265221994348 -0.060501433854266734 0.084524219866104644 -0.12078618086197343 0.083171997731804684 -0.12006490129831891 0.09564494833023085 -0.10889873131284873 -0.17386398265122377 0.028945063013538733
leaf_weight=520.80738461390138 11.952696586027738 5.8700990229845038 1.6276113651692874 4.7064797021448603 2.5786732435226414 11.486213595606385 8.9236024841666222 2.6951483376324177 9.6100008934736252 1.7476714923977832 2.723804460838438 2.6692747566848984 1.2406474053859708 5.1749138683080673
leaf_count=3341 573 247 94 117 71 213 249 15 275 18 34 43 14 41
internal_value=-4.33392e-05 -0.00150466 0.0623933 -0.000662906 -0.00135839 -0.00255776 0.0455658 -0.0203541 -0.00133426 0.0382519 -0.00139905 -0.00288428 -0.0337795 -0.0086739
internal_weight=593.814 580.234 13.5803 574.364 569.657 555.46 14.1974 5.27382 543.974 20.497 10.887 523.477 8.16323 6.92259
internal_count=5345 4678 667 4431 4314 3979 335 86 3766 382 107 3384 73 59
is_linear=0
shrinkage=0.08


Tree=46
num_leaves=15
num_cat=0
split_feature=9 15 16 1 1 4 0 13 1 14 1 4 1 17
split_gain=7.96635 5.84157 5.47369 5.63687 4.89242 9.24098 4.65754 4.65776 10.8905 8.0109 22.996 7.58939 6.17085 6.48188
threshold=0.7250000000000002 1.0000000180025095e-35 1.0000000180025095e-35 16.500000000000004 15.500000000000002 1.0000000180025095e-35 2.5000000000000004 1.0000000180025095e-35 5.5000000000000009 1.0000000180025095e-35 15.500000000000002 1.0000000180025095e-35 10.500000000000002 1.0000000180025095e-35
decision_type=2 2 2 2 2 2 2 2 2 2 2 2 2 2
left_child=1 2 3 6 -4 -6 7 -1 -9 10 12 -12 13 -10
right_child=-2 -3 4 -5 5 -7 -8 8 9 -11 11 -13 -14 -15
leaf_value=0.0042914468791871623 0.08547872560988598 -0.083577949893839265 0.082810414915883548 -0.025076062092018032 -0.12605337402324232 0.086730415583680692 0.042206261522156903 -0.072531646578623196 -0.071908874989819002 0.018592228178541444 0.30378641583846222 0.041580181077333321 -0.0039871306654832659 0.061447527687860042
leaf_weight=364.97760139312595 6.8915548892691723 5.4367559477686873 9.3467417154461128 58.271400560624897 2.474982574582099 2.7661234419792891 17.128058539703488 17.313849736005068 28.020364897325639 51.226760448887944 1.6804908849298947 1.2189155314117668 20.395436251536012 2.5444951681420198
leaf_count=2437 237 247 358 628 12 71 213 179 372 300 18 28 225 20
internal_value=-2.96247e-05 -0.00104075 -0.000263538 -0.00151764 0.0481178 -0.0137515 0.0012034 -0.000237571 -0.0137424 -0.00405634 -0.0255977 0.193554 -0.0380665 -0.0608071
internal_weight=589.694 582.802 577.365 562.777 14.5878 5.24111 504.506 487.378 122.4 105.086 53.8597 2.89941 50.9603 30.5649
internal_count=5345 5108 4861 4420 441 83 3792 3579 1142 963 663 46 617 392
is_linear=0
shrinkage=0.08


Tree=47
num_leaves=15
num_cat=0
split_feature=10 17 15 8 9 1 8 14 6 16 1 1 5 5
split_gain=7.37467 5.55327 5.33177 4.63407 4.46317 5.56129 4.16847 5.99925 4.94184 3.87594 5.63801 3.53966 3.41837 3.35619
threshold=0.68500000000000016 1.0000000180025095e-35 1.0000000180025095e-35 1.5000000000000002 0.7250000000000002 16.500000000000004 1.0000000180025095e-35 1.0000000180025095e-35 1.1250000000000002 1.0000000180025095e-35 15.500000000000002 3.5000000000000004 1.5000000000000002 1.0000000180025095e-35
decision_type=2 2 2 2 2 2 2 2 2 2 2 2 2 2
left_child=2 -2 3 4 5 9 7 8 12 11 -11 -1 -7 -13
right_child=1 -3 -4 -5 -6 6 -8 -9 -10 10 -12 13 -14 -15
leaf_value=-0.056455392582027558 0.081871936229232695 -0.081991045129505585 -0.083310072493238504 0.083108758828594934 0.087796926589500918 -0.059936860109955761 0.041252851668596401 -0.0065582796494012396 0.10021906954684599 0.082813116114359514 -0.073909552162739492 0.0022894023604623109 -0.17628391876210014 -0.028005372170265379
leaf_weight=7.021705135703086 10.674084127880629 1.511002508923412 5.0342410430312148 4.1996378749608985 3.5803535599261513 22.039110668003566 5.4721886515617362 27.822751797735691 1.1659687906503666 7.4821667503565532 1.8279787898063657 461.60349340923131 1.7440721131861199 24.654053148813546
leaf_count=55 573 94 247 117 63 278 48 218 9 277 12 3095 8 251
internal_value=-3.38665e-05 0.0615522 -0.00134204 -0.000616335 -0.00123931 -0.00180772 -0.0252091 -0.0321009 -0.0605854 0.000904224 0.0520418 -6.0945e-05 -0.0684688 0.000753408
internal_weight=585.833 12.1851 573.648 568.613 564.414 560.833 58.2441 52.7719 24.9492 502.589 9.31015 493.279 23.7832 486.258
internal_count=5345 667 4678 4431 4314 4251 561 513 295 3690 289 3401 286 3346
is_linear=0
shrinkage=0.08


Tree=48
num_leaves=15
num_cat=0
split_feature=10 17 15 8 9 1 12 7 16 1 8 14 1 18
split_gain=6.78277 5.11683 4.91579 4.25699 4.07898 4.75513 3.74129 3.79876 3.51989 5.12152 3.19837 5.61569 8.45795 3.78116
threshold=0.68500000000000016 1.0000000180025095e-35 1.0000000180025095e-35 1.5000000000000002 0.7250000000000002 16.500000000000004 1.5000000000000002 0.87500000000000011 1.0000000180025095e-35 15.500000000000002 1.0000000180025095e-35 1.0000000180025095e-35 22.500000000000004 1.0000000180025095e-35
decision_type=2 2 2 2 2 2 2 2 2 2 2 2 2 2
left_child=2 -2 3 4 5 8 7 -7 -1 -10 11 -8 13 -13
right_child=1 -3 -4 -5 -6 6 10 -9 9 -11 -12 12 -14 -15
leaf_value=-5.6509588534363914e-05 0.081727303836640425 -0.081839419957394743 -0.083061773505865841 0.082860899997762458 0.087165391201019016 0.079796886676881174 -0.053146269995643335 -0.079957228018301837 0.08259560178812006 -0.067723189791894414 0.046919136325531172 0.0040146575495879711 0.1347816845787726 -0.08616269547699458
leaf_weight=493.15952195972204 9.8701515663415158 1.3973105270415551 4.6605187281966201 3.8878795802593222 3.3280536010861388 1.0514174178242672 18.741367953829467 10.137577287852762 6.9243613779544813 1.8350461795926092 5.0157652571797362 16.273301031440504 2.8539980649948111 3.6418140679597846
leaf_count=3401 573 94 247 117 63 7 182 224 277 12 42 72 12 22
internal_value=-2.39264e-05 0.0614429 -0.00123576 -0.000563004 -0.00113914 -0.00166427 -0.0234108 -0.0649453 0.000836347 0.0511047 -0.0134223 -0.0207134 0.00598222 -0.0124758
internal_weight=582.778 11.2675 571.511 566.85 562.962 559.634 57.7152 11.189 501.919 8.75941 46.5262 41.5105 22.7691 19.9151
internal_count=5345 667 4678 4431 4314 4251 561 231 3690 289 330 288 106 94
is_linear=0
shrinkage=0.08


Tree=49
num_leaves=15
num_cat=0
split_feature=6 6 17 0 9 1 1 1 14 8 17 18 18 13
split_gain=6.2813 13.796 6.56814 5.37141 25.4276 9.25658 9.13877 10.8042 7.59672 6.89908 6.78721 6.22309 5.98653 5.4488
threshold=0.58335000000000015 0.36665000000000009 1.0000000180025095e-35 1.5000000000000002 1.0000000180025095e-35 7.5000000000000009 6.5000000000000009 14.500000000000002 1.0000000180025095e-35 1.0000000180025095e-35 1.0000000180025095e-35 1.0000000180025095e-35 1.0000000180025095e-35 1.0000000180025095e-35
decision_type=2 2 2 2 2 2 2 2 2 2 2 2 2 2
left_child=1 3 -2 4 5 10 -5 -8 -7 11 12 -9 13 -1
right_child=2 -3 -4 6 -6 8 7 9 -10 -11 -12 -13 -14 -15
leaf_value=0.023575742679285829 0.034562175582516716 -0.075208304304205248 -0.083484305939862544 -0.1008144789388055 -0.086668981629130656 -0.048568943505837237 0.019143980785764 -0.011137472434512486 0.0040587407166076247 0.047243858636964252 0.15245034263489568 -0.068794022247410963 -0.14789510648297274 -0.018128361924266093
leaf_weight=83.385059751570225 47.078285368159413 16.22751871496439 3.2231136402115217 4.9971413239836684 24.543356033042073 35.845979377627373 198.14677933417261 76.453714239411056 34.400038808584213 10.880848964676259 2.2265964746475211 14.207266338169573 1.4899513721466053 26.397963479161263
leaf_count=339 1132 302 137 23 698 150 1441 595 138 102 9 159 6 114
internal_value=-1.69299e-05 -0.00258476 0.0269982 -0.000287373 -0.0101884 2.73272e-05 0.00648114 0.00827024 -0.0227967 -0.0129486 0.0141534 -0.0201727 0.011386 0.0135477
internal_weight=579.504 529.202 50.3014 512.975 208.289 183.746 304.686 299.689 70.246 101.542 113.5 90.661 111.273 109.783
internal_count=5345 4076 1269 3774 1454 756 2320 2297 288 856 468 754 459 453
is_linear=0
shrinkage=0.08


Tree=50
num_leaves=15
num_cat=0
split_feature=10 15 17 10 10 12 17 8 11 14 1 0 9 17
split_gain=6.21337 4.46126 4.43782 3.93878 5.88877 4.60022 5.39436 3.89048 3.77553 3.76031 3.74924 3.74501 24.7353 8.38671
threshold=0.68500000000000016 1.0000000180025095e-35 1.0000000180025095e-35 0.67500000000000016 1.0000000180025095e-35 2.5000000000000004 1.0000000180025095e-35 1.5000000000000002 1.0000000180025095e-35 1.0000000180025095e-35 26.500000000000004 1.5000000000000002 1.0000000180025095e-35 1.0000000180025095e-35
decision_type=2 2 2 2 2 2 2 2 2 2 2 2 2 2
left_child=1 3 -2 4 7 6 -6 10 9 -5 11 12 13 -1
right_child=2 -3 -4 8 5 -7 -8 -9 -10 -11 -12 -13 -14 -15
leaf_value=-0.0024900405189348844 0.081597237760931099 -0.082890960650973511 -0.081680825155746359 -0.077288906641393276 0.086475267602512298 -0.0095433840013307378 -0.084713772810103852 0.082574186330398619 0.090095278378803267 0.09750357571490692 -0.10408990200554719 0.0041631679123708808 -0.087370845134966374 0.10983605537986846
leaf_weight=178.47899191081524 8.9147366229444707 4.2406852459534994 1.2099477136507637 9.3658260004594869 12.168021000921726 7.135305135510861 1.3043431676924235 3.5242772866040459 1.1534219719469554 0.86002620309591371 2.2815847359597674 315.61976215057075 23.278205115348101 4.3579978197813025
leaf_count=732 573 247 94 205 366 69 26 117 15 7 43 2219 614 18
internal_value=-3.04475e-05 -0.00114597 0.0620847 -0.000526422 0.000440672 0.042394 0.0699014 -0.00119818 -0.0471121 -0.0625883 -0.00176159 -0.0013141 -0.00970133 0.0001873
internal_weight=573.893 563.768 10.1247 559.528 548.148 20.6077 13.4724 527.541 11.3793 10.2259 524.017 521.735 206.115 182.837
internal_count=5345 4678 667 4431 4204 461 392 3743 227 212 3626 3583 1364 750
is_linear=0
shrinkage=0.08


Tree=51
num_leaves=15
num_cat=0
split_feature=9 15 16 13 14 13 1 6 1 1 0 14 1 1
split_gain=5.79959 4.13876 3.79636 4.15796 6.60344 3.86905 8.48669 8.75273 6.55572 7.98384 7.93635 6.69659 11.966 5.38887
threshold=0.7250000000000002 1.0000000180025095e-35 1.0000000180025095e-35 1.0000000180025095e-35 1.0000000180025095e-35 1.0000000180025095e-35 5.5000000000000009 1.0000000180025095e-35 18.500000000000004 22.500000000000004 2.5000000000000004 1.0000000180025095e-35 10.500000000000002 16.500000000000004
decision_type=2 2 2 2 2 2 2 2 2 2 2 2 2 2
left_child=1 2 5 4 -4 -1 -7 8 10 -10 11 12 -8 -14
right_child=-2 -3 3 -5 -6 6 7 -9 9 -11 -12 -13 13 -15
leaf_value=0.0026803226161384547 0.08428190738575457 -0.082673514024237338 0.082933205731935383 0.083412931759419676 -0.10717683996412043 -0.067349285672243339 -0.054412837007881805 -0.069485138869188764 -0.13894010782783228 0.05378433587454156 0.1053943049450511 0.021371620491803602 0.041502357833646648 -0.11825235275680143
leaf_weight=411.48553856741637 5.1738525070250025 3.9245244888588777 2.2986521543934924 7.0806432738900185 2.3801186420023441 16.129186600446701 27.26686511747539 12.313757598400114 4.3041804619133464 2.0219193501397967 4.9498666711151591 51.405088981613517 17.088165812194351 1.467403084039687
leaf_count=3058 237 247 114 312 15 179 374 260 32 31 51 306 119 10
internal_value=-3.19737e-05 -0.000805268 -0.000231725 0.0447436 -0.0137769 -0.00119608 -0.0128436 -0.00556703 0.00168686 -0.0773424 0.00657979 0.00154913 -0.0206884 0.0288687
internal_weight=569.29 564.116 560.191 11.7594 4.67877 548.432 136.946 120.817 108.503 6.3261 102.177 97.2275 45.8224 18.5556
internal_count=5345 5108 4861 441 129 4420 1362 1183 923 63 860 809 503 129
is_linear=0
shrinkage=0.08


Tree=52
num_leaves=15
num_cat=0
split_feature=10 17 15 8 9 10 10 12 17 1 0 9 1 1
split_gain=5.57736 3.89406 3.78681 3.45092 3.30792 3.91462 5.16229 4.63162 4.86569 4.02799 3.83088 22.7987 8.5568 8.01476
threshold=0.68500000000000016 1.0000000180025095e-35 1.0000000180025095e-35 1.5000000000000002 0.7250000000000002 0.67500000000000016 1.0000000180025095e-35 2.5000000000000004 1.0000000180025095e-35 17.500000000000004 1.5000000000000002 1.0000000180025095e-35 7.5000000000000009 7.5000000000000009
decision_type=2 2 2 2 2 2 2 2 2 2 2 2 2 2
left_child=2 -2 3 4 5 6 9 8 -8 10 11 13 -12 -1
right_child=1 -3 -4 -5 -6 -7 7 -9 -10 -11 12 -13 -14 -15
leaf_value=0.013911012082472213 0.081451813884675248 -0.0814559847461689 -0.082472092522599558 0.082328114009126277 0.085972095968888759 -0.050134450038203847 0.086357455236211925 -0.012164963837566435 -0.084265991992086453 -0.027870880545238477 -0.064318606594167202 -0.08685350921705251 0.008803782813367203 -0.020678042089274797
leaf_weight=112.50074395537376 7.9810410831123573 1.0643009003251789 3.6312818024307481 3.199954066425561 2.7852131100371471 10.3632616084069 11.055845065042377 6.8861793177202335 1.1842396985739476 35.853346835821867 10.64888686686754 21.245053169317544 268.14277423173189 69.274204552173615
leaf_count=462 573 94 247 117 63 219 357 54 26 330 59 614 1845 285
internal_value=-3.13659e-05 0.0622836 -0.00104374 -0.000509174 -0.000991183 -0.00143386 -0.000493646 0.0403212 0.0698495 -0.00200164 -7.66149e-05 -0.00843593 0.00601076 0.000729167
internal_weight=565.816 9.04534 556.771 553.14 549.94 547.155 536.791 19.1263 12.2401 517.665 481.812 203.02 278.792 181.775
internal_count=5345 667 4678 4431 4314 4251 4032 437 383 3595 3265 1361 1904 747
is_linear=0
shrinkage=0.08


Tree=53
num_leaves=15
num_cat=0
split_feature=10 17 15 8 9 10 10 12 17 6 6 0 7 1
split_gain=5.1354 3.58955 3.49187 3.17435 3.03046 3.35065 4.59888 4.37254 4.47225 3.47048 8.01994 4.21699 8.35313 5.6494
threshold=0.68500000000000016 1.0000000180025095e-35 1.0000000180025095e-35 1.5000000000000002 0.7250000000000002 0.67500000000000016 1.0000000180025095e-35 2.5000000000000004 1.0000000180025095e-35 1.0000000180025095e-35 0.58335000000000015 2.5000000000000004 0.87500000000000011 12.500000000000002
decision_type=2 2 2 2 2 2 2 2 2 2 2 2 2 2
left_child=2 -2 3 4 5 6 9 8 -8 -1 -11 13 -13 -12
right_child=1 -3 -4 -5 -6 -7 7 -9 -10 10 11 12 -14 -15
leaf_value=-0.00041065050603432922 0.081340084403295362 -0.081345036252553432 -0.082285562249621635 0.082144166149706571 0.0854948942598492 -0.046624283428863066 0.085999167916205155 -0.011139200954042529 -0.083922391066572594 -0.10157670770823239 -0.034336993548553345 0.096443856888841745 -0.16128340915019862 0.071141646758872593
leaf_weight=491.67154206056148 7.3771389378234726 0.98375925282016385 3.3593861479312173 2.9602760989218941 2.5848427051678291 10.256601504050193 10.246632680296898 6.9173167310655108 1.0974848363548524 7.2905559632927206 6.2695303633809107 1.196550749242306 2.4585082679986945 6.7470873668789864
leaf_count=3363 573 94 247 117 63 219 357 54 26 102 58 8 10 54
internal_value=-3.07217e-05 0.0621982 -0.000971476 -0.000474538 -0.000921872 -0.00133237 -0.000462273 0.0389917 0.0695601 -0.00185956 -0.0315891 -0.000983377 -0.0769117 0.0203372
internal_weight=561.417 8.3609 553.056 549.697 546.737 544.152 533.895 18.2614 11.3441 515.634 23.9622 16.6717 3.65506 13.0166
internal_count=5345 667 4678 4431 4314 4251 4032 437 383 3595 232 130 18 112
is_linear=0
shrinkage=0.08


end of trees

feature_importances:
Column_1=146
Column_10=77
Column_16=62
Column_17=61
Column_0=54
Column_9=48
Column_6=41
Column_8=41
Column_11=40
Column_18=35
Column_15=34
Column_4=32
Column_14=24
Column_7=22
Column_13=18
Column_5=15
Column_12=6

parameters:
[boosting: gbdt]
[objective: binary]
[metric: binary_logloss]
[tree_learner: serial]
[device_type: cpu]
[data_sample_strategy: bagging]
[data: ]
[valid: ]
[num_iterations: 150]
[learning_rate: 0.08]
[num_leaves: 15]
[num_threads: 0]
[seed: 0]
[deterministic: 0]
[force_col_wise: 0]
[force_row_wise: 0]
[histogram_pool_size: -1]
[max_depth: -1]
[min_data_in_leaf: 5]
[min_sum_hessian_in_leaf: 0.001]
[bagging_fraction: 1]
[pos_bagging_fraction: 1]
[neg_bagging_fraction: 1]
[bagging_freq: 0]
[bagging_seed: 3]
[bagging_by_query: 0]
[feature_fraction: 1]
[feature_fraction_bynode: 1]
[feature_fraction_seed: 2]
[extra_trees: 0]
[extra_seed: 6]
[early_stopping_round: 0]
[early_stopping_min_delta: 0]
[first_metric_only: 0]
[max_delta_step: 0]
[lambda_l1: 0]
[lambda_l2: 0]
[linear_lambda: 0]
[min_gain_to_split: 0]
[drop_rate: 0.1]
[max_drop: 50]
[skip_drop: 0.5]
[xgboost_dart_mode: 0]
[uniform_drop: 0]
[drop_seed: 4]
[top_rate: 0.2]
[other_rate: 0.1]
[min_data_per_group: 100]
[max_cat_threshold: 32]
[cat_l2: 10]
[cat_smooth: 10]
[max_cat_to_onehot: 4]
[top_k: 20]
[monotone_constraints: ]
[monotone_constraints_method: basic]
[monotone_penalty: 0]
[feature_contri: ]
[forcedsplits_filename: ]
[refit_decay_rate: 0.9]
[cegb_tradeoff: 1]
[cegb_penalty_split: 0]
[cegb_penalty_feature_lazy: ]
[cegb_penalty_feature_coupled: ]
[path_smooth: 0]
[interaction_constraints: ]
[verbosity: -1]
[saved_feature_importance_type: 0]
[use_quantized_grad: 0]
[num_grad_quant_bins: 4]
[quant_train_renew_leaf: 0]
[stochastic_rounding: 1]
[linear_tree: 0]
[max_bin: 255]
[max_bin_by_feature: ]
[min_data_in_bin: 3]
[bin_construct_sample_cnt: 200000]
[data_random_seed: 1]
[is_enable_sparse: 1]
[enable_bundle: 1]
[use_missing: 1]
[zero_as_missing: 0]
[feature_pre_filter: 0]
[pre_partition: 0]
[two_round: 0]
[header: 0]
[label_column: ]
[weight_column: ]
[group_column: ]
[ignore_column: ]
[categorical_feature: ]
[forcedbins_filename: ]
[precise_float_parser: 0]
[parser_config_file: ]
[objective_seed: 5]
[num_class: 1]
[is_unbalance: 0]
[scale_pos_weight: 1]
[sigmoid: 1]
[boost_from_average: 1]
[reg_sqrt: 0]
[alpha: 0.9]
[fair_c: 1]
[poisson_max_delta_step: 0.7]
[tweedie_variance_power: 1.5]
[lambdarank_truncation_level: 30]
[lambdarank_norm: 1]
[label_gain: ]
[lambdarank_position_bias_regularization: 0]
[eval_at: ]
[multi_error_top_k: 1]
[auc_mu_weights: ]
[num_machines: 1]
[local_listen_port: 12400]
[time_out: 120]
[machine_list_filename: ]
[machines: ]
[gpu_platform_id: -1]
[gpu_device_id: -1]
[gpu_device_id_list: ]
[gpu_use_dp: 0]
[num_gpu: 1]

end of parameters

pandas_categorical:null
